/Cube/raw/4.PNG 0.20114259 0.46845989 0.33039752
/Cube/raw/6.PNG 0.20460456 0.47116414 0.32423130
/Cube/raw/8.PNG 0.19887955 0.46498599 0.33613445
/Cube/raw/20.PNG 0.47300089 0.43983476 0.08716436
/Cube/raw/21.PNG 0.20222377 0.46838082 0.32939541
/Cube/raw/23.PNG 0.20209581 0.46931138 0.32859281
/Cube/raw/25.PNG 0.39111234 0.45901187 0.14987579
/Cube/raw/26.PNG 0.20530565 0.46943483 0.32525952
/Cube/raw/35.PNG 0.47333136 0.45213448 0.07453416
/Cube/raw/37.PNG 0.20562500 0.46833333 0.32604167
/Cube/raw/42.PNG 0.20386375 0.46924250 0.32689375
/Cube/raw/50.PNG 0.38396299 0.46183500 0.15420200
/Cube/raw/56.PNG 0.17142857 0.45793651 0.37063492
/Cube/raw/62.PNG 0.19976053 0.47096388 0.32927559
/Cube/raw/63.PNG 0.17545710 0.45815752 0.36638537
/Cube/raw/67.PNG 0.18720413 0.46471095 0.34808492
/Cube/raw/68.PNG 0.17827420 0.45816908 0.36355672
/Cube/raw/76.PNG 0.21732365 0.47147303 0.31120332
/Cube/raw/80.PNG 0.24399657 0.49656947 0.25943396
/Cube/raw/81.PNG 0.20892857 0.47227891 0.31879252
/Cube/raw/83.PNG 0.20874089 0.47211238 0.31914672
/Cube/raw/85.PNG 0.38175109 0.46159007 0.15665884
/Cube/raw/92.PNG 0.18442854 0.46262474 0.35294671
/Cube/raw/93.PNG 0.20350519 0.46894674 0.32754807
/Cube/raw/99.PNG 0.20280112 0.46890756 0.32829132
/Cube/raw/102.PNG 0.22267853 0.47581565 0.30150582
/Cube/raw/103.PNG 0.21398588 0.47765322 0.30836091
/Cube/raw/108.PNG 0.22085890 0.47529868 0.30384243
/Cube/raw/115.PNG 0.29097840 0.49174079 0.21728081
/Cube/raw/117.PNG 0.20466321 0.46632124 0.32901554
/Cube/raw/119.PNG 0.19961334 0.46959884 0.33078782
/Cube/raw/121.PNG 0.21026131 0.47512805 0.31461064
/Cube/raw/122.PNG 0.22609423 0.47477000 0.29913577
/Cube/raw/125.PNG 0.27600412 0.49536560 0.22863028
/Cube/raw/127.PNG 0.19717405 0.46563905 0.33718690
/Cube/raw/132.PNG 0.20614035 0.46798246 0.32587719
/Cube/raw/137.PNG 0.21108704 0.47128927 0.31762369
/Cube/raw/139.PNG 0.20617696 0.46744574 0.32637730
/Cube/raw/151.PNG 0.20078373 0.46930397 0.32991230
/Cube/raw/152.PNG 0.20751897 0.47324929 0.31923175
/Cube/raw/155.PNG 0.38120752 0.46245502 0.15633747
/Cube/raw/161.PNG 0.16222791 0.45685019 0.38092190
/Cube/raw/164.PNG 0.19568213 0.46531925 0.33899862
/Cube/raw/166.PNG 0.20258040 0.46986328 0.32755633
/Cube/raw/168.PNG 0.21612011 0.47096009 0.31291979
/Cube/raw/169.PNG 0.20336269 0.46917534 0.32746197
/Cube/raw/173.PNG 0.20333988 0.47304082 0.32361930
/Cube/raw/176.PNG 0.20101597 0.46976294 0.32922109
/Cube/raw/178.PNG 0.20213379 0.46900231 0.32886390
/Cube/raw/183.PNG 0.20639417 0.47106435 0.32254148
/Cube/raw/186.PNG 0.16144068 0.45296610 0.38559322
/Cube/raw/187.PNG 0.20360000 0.46880000 0.32760000
/Cube/raw/198.PNG 0.18380241 0.46027187 0.35592571
/Cube/raw/199.PNG 0.20645351 0.47018439 0.32336210
/Cube/raw/202.PNG 0.20886076 0.47081575 0.32032349
/Cube/raw/207.PNG 0.20381956 0.46888377 0.32729667
/Cube/raw/208.PNG 0.18359917 0.45977809 0.35662275
/Cube/raw/210.PNG 0.21480844 0.48084374 0.30434783
/Cube/raw/216.PNG 0.20756235 0.47023331 0.32220434
/Cube/raw/217.PNG 0.19896641 0.46511628 0.33591731
/Cube/raw/218.PNG 0.20057102 0.46930764 0.33012134
/Cube/raw/222.PNG 0.16627451 0.45411765 0.37960784
/Cube/raw/223.PNG 0.21578266 0.47322122 0.31099612
/Cube/raw/228.PNG 0.21530383 0.47261815 0.31207802
/Cube/raw/231.PNG 0.19906929 0.46716649 0.33376422
/Cube/raw/232.PNG 0.21236873 0.47530144 0.31232983
/Cube/raw/237.PNG 0.17303592 0.46022634 0.36673774
/Cube/raw/239.PNG 0.20753407 0.47480726 0.31765866
/Cube/raw/246.PNG 0.17561521 0.45973154 0.36465324
/Cube/raw/248.PNG 0.18955224 0.46343284 0.34701493
/Cube/raw/250.PNG 0.26400947 0.50197316 0.23401736
/Cube/raw/252.PNG 0.19462600 0.46647301 0.33890099
/Cube/raw/255.PNG 0.39566396 0.45448749 0.14984856
/Cube/raw/260.PNG 0.28289025 0.49625085 0.22085890
/Cube/raw/263.PNG 0.20285005 0.47122962 0.32592033
/Cube/raw/265.PNG 0.37587658 0.48223469 0.14188873
/Cube/raw/276.PNG 0.17569243 0.45907400 0.36523357
/Cube/raw/284.PNG 0.20415369 0.46915888 0.32668744
/Cube/raw/286.PNG 0.21183379 0.46928636 0.31887986
/Cube/raw/290.PNG 0.22196952 0.49965886 0.27837162
/Cube/raw/291.PNG 0.20331126 0.46865342 0.32803532
/Cube/raw/292.PNG 0.20008074 0.47089221 0.32902705
/Cube/raw/293.PNG 0.19642857 0.46597490 0.33759653
/Cube/raw/294.PNG 0.20317744 0.47313198 0.32369058
/Cube/raw/300.PNG 0.25484765 0.50000000 0.24515235
/Cube/raw/309.PNG 0.20088925 0.46685530 0.33225546
/Cube/raw/311.PNG 0.20210754 0.46582005 0.33207241
/Cube/raw/314.PNG 0.19864751 0.46703297 0.33431953
/Cube/raw/316.PNG 0.17899250 0.45819936 0.36280815
/Cube/raw/317.PNG 0.22004411 0.47635383 0.30360206
/Cube/raw/321.PNG 0.18150289 0.45433526 0.36416185
/Cube/raw/324.PNG 0.18883819 0.46560197 0.34555985
/Cube/raw/327.PNG 0.20595745 0.47182979 0.32221277
/Cube/raw/328.PNG 0.19959103 0.47106209 0.32934688
/Cube/raw/329.PNG 0.20301550 0.46973880 0.32724570
/Cube/raw/330.PNG 0.22790757 0.49200102 0.28009142
/Cube/raw/331.PNG 0.20265549 0.46960168 0.32774284
/Cube/raw/332.PNG 0.19760479 0.46506986 0.33732535
/Cube/raw/334.PNG 0.20104819 0.46862717 0.33032465
/Cube/raw/335.PNG 0.29802883 0.49897029 0.20300088
/Cube/raw/338.PNG 0.20634038 0.46829811 0.32536151
/Cube/raw/339.PNG 0.20298710 0.46894094 0.32807196
/Cube/raw/341.PNG 0.19977169 0.46518265 0.33504566
/Cube/raw/344.PNG 0.20510133 0.46750524 0.32739343
/Cube/raw/348.PNG 0.20068687 0.46946394 0.32984919
/Cube/raw/354.PNG 0.22612827 0.46413302 0.30973872
/Cube/raw/356.PNG 0.20819228 0.47291808 0.31888964
/Cube/raw/359.PNG 0.20000000 0.46666667 0.33333333
/Cube/raw/362.PNG 0.20668441 0.47441585 0.31889973
/Cube/raw/365.PNG 0.27846230 0.49605717 0.22548053
/Cube/raw/366.PNG 0.19841270 0.46603175 0.33555556
/Cube/raw/368.PNG 0.20063358 0.47096093 0.32840549
/Cube/raw/371.PNG 0.20000000 0.46626506 0.33373494
/Cube/raw/372.PNG 0.17979868 0.45609163 0.36410968
/Cube/raw/373.PNG 0.17233888 0.44967415 0.37798697
/Cube/raw/374.PNG 0.19844180 0.46471127 0.33684693
/Cube/raw/375.PNG 0.37999845 0.46275814 0.15724341
/Cube/raw/382.PNG 0.19427148 0.46948941 0.33623910
/Cube/raw/383.PNG 0.20533446 0.47092859 0.32373695
/Cube/raw/388.PNG 0.19547989 0.46874083 0.33577928
/Cube/raw/391.PNG 0.21378446 0.47343358 0.31278195
/Cube/raw/392.PNG 0.20691475 0.46951702 0.32356822
/Cube/raw/395.PNG 0.38234005 0.46187555 0.15578440
/Cube/raw/396.PNG 0.22369801 0.47326110 0.30304089
/Cube/raw/397.PNG 0.20271171 0.46988220 0.32740609
/Cube/raw/398.PNG 0.20311098 0.46754412 0.32934490
/Cube/raw/399.PNG 0.15812939 0.45389869 0.38797192
/Cube/raw/400.PNG 0.27491785 0.49616648 0.22891566
/Cube/raw/401.PNG 0.16660960 0.45805410 0.37533630
/Cube/raw/405.PNG 0.38958641 0.46122600 0.14918759
/Cube/raw/409.PNG 0.18388246 0.45948353 0.35663402
/Cube/raw/422.PNG 0.21062475 0.47674889 0.31262636
/Cube/raw/423.PNG 0.20741269 0.46935139 0.32323592
/Cube/raw/424.PNG 0.20366826 0.46953748 0.32679426
/Cube/raw/425.PNG 0.38405797 0.46231884 0.15362319
/Cube/raw/428.PNG 0.18418418 0.46479813 0.35101768
/Cube/raw/429.PNG 0.20107239 0.46916890 0.32975871
/Cube/raw/431.PNG 0.19571773 0.46562123 0.33866104
/Cube/raw/432.PNG 0.17372390 0.45910673 0.36716937
/Cube/raw/433.PNG 0.19589754 0.46609088 0.33801158
/Cube/raw/437.PNG 0.17647059 0.45766635 0.36586307
/Cube/raw/439.PNG 0.19537214 0.46875000 0.33587786
/Cube/raw/441.PNG 0.16093672 0.45266567 0.38639761
/Cube/raw/442.PNG 0.21010884 0.47149972 0.31839144
/Cube/raw/453.PNG 0.23038481 0.47126437 0.29835082
/Cube/raw/458.PNG 0.20621282 0.46463979 0.32914739
/Cube/raw/467.PNG 0.21622517 0.47350993 0.31026490
/Cube/raw/469.PNG 0.21448565 0.46675997 0.31875437
/Cube/raw/477.PNG 0.20063694 0.47098372 0.32837933
/Cube/raw/479.PNG 0.21665090 0.47114475 0.31220435
/Cube/raw/481.PNG 0.17853510 0.46083418 0.36063072
/Cube/raw/484.PNG 0.19359756 0.46443089 0.34197154
/Cube/raw/492.PNG 0.20199275 0.46829710 0.32971014
/Cube/raw/497.PNG 0.20390720 0.46642247 0.32967033
/Cube/raw/498.PNG 0.17573222 0.46234310 0.36192469
/Cube/raw/500.PNG 0.38118375 0.46179329 0.15702297
/Cube/raw/501.PNG 0.21956088 0.47172322 0.30871590
/Cube/raw/503.PNG 0.19438820 0.46572172 0.33989008
/Cube/raw/511.PNG 0.20682232 0.47160126 0.32157642
/Cube/raw/513.PNG 0.20554403 0.47180841 0.32264756
/Cube/raw/520.PNG 0.47212469 0.44737518 0.08050013
/Cube/raw/522.PNG 0.20943135 0.46948682 0.32108183
/Cube/raw/523.PNG 0.20682819 0.47004405 0.32312775
/Cube/raw/528.PNG 0.17099407 0.45511869 0.37388724
/Cube/raw/529.PNG 0.20475698 0.46742503 0.32781799
/Cube/raw/534.PNG 0.20209674 0.46813369 0.32976957
/Cube/raw/538.PNG 0.20061118 0.46827251 0.33111630
/Cube/raw/540.PNG 0.23747681 0.49536178 0.26716141
/Cube/raw/541.PNG 0.16531687 0.45818992 0.37649322
/Cube/raw/543.PNG 0.18506169 0.46548850 0.34944982
/Cube/raw/546.PNG 0.20069656 0.46843709 0.33086635
/Cube/raw/548.PNG 0.19322245 0.46510182 0.34167573
/Cube/raw/550.PNG 0.29239766 0.49941520 0.20818713
/Cube/raw/552.PNG 0.18538324 0.45632799 0.35828877
/Cube/raw/556.PNG 0.20161912 0.46915960 0.32922128
/Cube/raw/560.PNG 0.37852593 0.46041856 0.16105551
/Cube/raw/562.PNG 0.20518111 0.46928015 0.32553874
/Cube/raw/563.PNG 0.20466102 0.46949153 0.32584746
/Cube/raw/564.PNG 0.21124576 0.47212797 0.31662627
/Cube/raw/565.PNG 0.28030303 0.49734848 0.22234848
/Cube/raw/566.PNG 0.20055710 0.47032355 0.32911935
/Cube/raw/570.PNG 0.24939402 0.49501751 0.25558847
/Cube/raw/573.PNG 0.19092450 0.45923555 0.34983995
/Cube/raw/577.PNG 0.20194384 0.46679266 0.33126350
/Cube/raw/581.PNG 0.23152542 0.46983051 0.29864407
/Cube/raw/584.PNG 0.23393316 0.47146530 0.29460154
/Cube/raw/586.PNG 0.21079258 0.47146534 0.31774208
/Cube/raw/588.PNG 0.20296408 0.46922884 0.32780708
/Cube/raw/591.PNG 0.20283245 0.46927508 0.32789246
/Cube/raw/593.PNG 0.21244960 0.47429435 0.31325605
/Cube/raw/595.PNG 0.19938885 0.48510313 0.31550802
/Cube/raw/596.PNG 0.21699717 0.47478754 0.30821530
/Cube/raw/600.PNG 0.38391039 0.45926680 0.15682281
/Cube/raw/605.PNG 0.37912088 0.46043956 0.16043956
/Cube/raw/607.PNG 0.17859405 0.45830695 0.36309901
/Cube/raw/610.PNG 0.35052265 0.48222997 0.16724739
/Cube/raw/611.PNG 0.21416382 0.47013652 0.31569966
/Cube/raw/618.PNG 0.20164609 0.46881925 0.32953466
/Cube/raw/620.PNG 0.38343641 0.46141436 0.15514923
/Cube/raw/621.PNG 0.19892266 0.46633321 0.33474413
/Cube/raw/626.PNG 0.20800652 0.47254762 0.31944586
/Cube/raw/628.PNG 0.21122577 0.47373358 0.31504065
/Cube/raw/630.PNG 0.26882810 0.50050659 0.23066532
/Cube/raw/634.PNG 0.20583075 0.47321981 0.32094943
/Cube/raw/637.PNG 0.18092932 0.45832945 0.36074122
/Cube/raw/642.PNG 0.19673802 0.46381244 0.33944954
/Cube/raw/647.PNG 0.17462087 0.45762712 0.36775201
/Cube/raw/650.PNG 0.38205365 0.46207216 0.15587419
/Cube/raw/652.PNG 0.20204830 0.46744215 0.33050955
/Cube/raw/657.PNG 0.19794060 0.46668369 0.33537571
/Cube/raw/660.PNG 0.45630019 0.44255713 0.10114268
/Cube/raw/664.PNG 0.20399037 0.46904025 0.32696938
/Cube/raw/665.PNG 0.47095371 0.45076111 0.07828518
/Cube/raw/666.PNG 0.20269750 0.46936416 0.32793834
/Cube/raw/667.PNG 0.20311842 0.46944796 0.32743363
/Cube/raw/668.PNG 0.18378209 0.46258610 0.35363181
/Cube/raw/669.PNG 0.22021116 0.47259930 0.30718954
/Cube/raw/680.PNG 0.28013468 0.49494949 0.22491582
/Cube/raw/682.PNG 0.20395706 0.46937487 0.32666807
/Cube/raw/683.PNG 0.20636323 0.47046693 0.32316983
/Cube/raw/684.PNG 0.20566273 0.46935283 0.32498444
/Cube/raw/686.PNG 0.20941638 0.47081903 0.31976459
/Cube/raw/687.PNG 0.20821359 0.47158617 0.32020024
/Cube/raw/688.PNG 0.20323326 0.46651270 0.33025404
/Cube/raw/690.PNG 0.38206535 0.46219890 0.15573575
/Cube/raw/694.PNG 0.20127944 0.47478212 0.32393844
/Cube/raw/695.PNG 0.21471653 0.49306393 0.29221954
/Cube/raw/699.PNG 0.20481928 0.46787149 0.32730924
/Cube/raw/700.PNG 0.25362319 0.50120773 0.24516908
/Cube/raw/703.PNG 0.20227457 0.46709992 0.33062551
/Cube/raw/706.PNG 0.20138889 0.46936275 0.32924837
/Cube/raw/707.PNG 0.21875000 0.47355769 0.30769231
/Cube/raw/708.PNG 0.20272206 0.47027221 0.32700573
/Cube/raw/715.PNG 0.20389557 0.48570245 0.31040199
/Cube/raw/717.PNG 0.21029389 0.47160043 0.31810568
/Cube/raw/721.PNG 0.20596882 0.47144766 0.32258352
/Cube/raw/723.PNG 0.21262038 0.47389762 0.31348201
/Cube/raw/724.PNG 0.21166120 0.47214076 0.31619803
/Cube/raw/727.PNG 0.20199895 0.46940207 0.32859898
/Cube/raw/729.PNG 0.20120321 0.46791444 0.33088235
/Cube/raw/731.PNG 0.20398406 0.46832669 0.32768924
/Cube/raw/738.PNG 0.19012460 0.46423627 0.34563913
/Cube/raw/742.PNG 0.20405728 0.46778043 0.32816229
/Cube/raw/743.PNG 0.19785950 0.46542261 0.33671789
/Cube/raw/746.PNG 0.24632353 0.47426471 0.27941176
/Cube/raw/761.PNG 0.18187067 0.46016166 0.35796767
/Cube/raw/765.PNG 0.38782677 0.45922747 0.15294577
/Cube/raw/772.PNG 0.20344828 0.46695402 0.32959770
/Cube/raw/775.PNG 0.30204891 0.50165235 0.19629874
/Cube/raw/776.PNG 0.20365482 0.46923858 0.32710660
/Cube/raw/779.PNG 0.20044128 0.46961982 0.32993890
/Cube/raw/783.PNG 0.20338983 0.46654773 0.33006244
/Cube/raw/791.PNG 0.20164197 0.46776131 0.33059672
/Cube/raw/796.PNG 0.20233010 0.46912621 0.32854369
/Cube/raw/797.PNG 0.17777456 0.45711388 0.36511156
/Cube/raw/798.PNG 0.21721311 0.47556747 0.30721942
/Cube/raw/799.PNG 0.18366084 0.46278818 0.35355098
/Cube/raw/800.PNG 0.20582121 0.48544699 0.30873181
/Cube/raw/806.PNG 0.20266317 0.47089680 0.32644003
/Cube/raw/807.PNG 0.20227482 0.46987396 0.32785121
/Cube/raw/813.PNG 0.20828736 0.47100650 0.32070614
/Cube/raw/816.PNG 0.19290466 0.46193644 0.34515891
/Cube/raw/817.PNG 0.20345940 0.46936382 0.32717678
/Cube/raw/818.PNG 0.19925651 0.46747212 0.33327138
/Cube/raw/819.PNG 0.22458270 0.46973529 0.30568201
/Cube/raw/821.PNG 0.20487452 0.46911197 0.32601351
/Cube/raw/824.PNG 0.20060606 0.46787879 0.33151515
/Cube/raw/827.PNG 0.20086725 0.46733809 0.33179466
/Cube/raw/828.PNG 0.19335347 0.46706949 0.33957704
/Cube/raw/839.PNG 0.20620121 0.47289679 0.32090199
/Cube/raw/846.PNG 0.17363469 0.45775536 0.36860995
/Cube/raw/848.PNG 0.21577218 0.47480832 0.30941950
/Cube/raw/857.PNG 0.17116658 0.45797249 0.37086093
/Cube/raw/860.PNG 0.38963283 0.47688985 0.13347732
/Cube/raw/861.PNG 0.20262035 0.46983547 0.32754418
/Cube/raw/863.PNG 0.20637697 0.47154581 0.32207722
/Cube/raw/867.PNG 0.20528109 0.46763203 0.32708688
/Cube/raw/870.PNG 0.27865854 0.49756098 0.22378049
/Cube/raw/875.PNG 0.38134048 0.46219839 0.15646113
/Cube/raw/877.PNG 0.19547700 0.46633741 0.33818560
/Cube/raw/880.PNG 0.46880873 0.45280388 0.07838739
/Cube/raw/882.PNG 0.20963504 0.47240876 0.31795620
/Cube/raw/883.PNG 0.19871138 0.47591155 0.32537707
/Cube/raw/885.PNG 0.34368308 0.48527837 0.17103854
/Cube/raw/889.PNG 0.20870189 0.47047574 0.32082238
/Cube/raw/892.PNG 0.21075237 0.47186019 0.31738744
/Cube/raw/893.PNG 0.20142977 0.47035324 0.32821699
/Cube/raw/895.PNG 0.37763713 0.46202532 0.16033755
/Cube/raw/896.PNG 0.20321517 0.46805441 0.32873042
/Cube/raw/899.PNG 0.20623354 0.47295874 0.32080773
/Cube/raw/903.PNG 0.19835294 0.46423529 0.33741176
/Cube/raw/905.PNG 0.38608964 0.46120556 0.15270479
/Cube/raw/907.PNG 0.21144279 0.47217040 0.31638682
/Cube/raw/910.PNG 0.28030994 0.49498633 0.22470374
/Cube/raw/915.PNG 0.28615960 0.49625935 0.21758105
/Cube/raw/917.PNG 0.19942684 0.47024612 0.33032704
/Cube/raw/919.PNG 0.18302207 0.46315789 0.35382003
/Cube/raw/921.PNG 0.17060407 0.45723684 0.37215909
/Cube/raw/923.PNG 0.19020822 0.46314012 0.34665166
/Cube/raw/926.PNG 0.18789809 0.46390658 0.34819533
/Cube/raw/931.PNG 0.20686084 0.47055016 0.32258900
/Cube/raw/932.PNG 0.20490064 0.47192746 0.32317191
/Cube/raw/933.PNG 0.20213800 0.46258503 0.33527697
/Cube/raw/934.PNG 0.20013584 0.47000226 0.32986190
/Cube/raw/940.PNG 0.38489426 0.46102719 0.15407855
/Cube/raw/941.PNG 0.20146796 0.47134657 0.32718547
/Cube/raw/942.PNG 0.20538813 0.47159817 0.32301370
/Cube/raw/944.PNG 0.17686659 0.46022032 0.36291310
/Cube/raw/949.PNG 0.20634137 0.47036744 0.32329119
/Cube/raw/951.PNG 0.18415324 0.46451894 0.35132782
/Cube/raw/953.PNG 0.20137069 0.46946180 0.32916751
/Cube/raw/954.PNG 0.20967301 0.47299390 0.31733309
/Cube/raw/955.PNG 0.38128655 0.46140351 0.15730994
/Cube/raw/959.PNG 0.18482252 0.46266830 0.35250918
/Cube/raw/960.PNG 0.27636364 0.49454545 0.22909091
/Cube/raw/963.PNG 0.21562607 0.47355851 0.31081542
/Cube/raw/966.PNG 0.18305224 0.45907034 0.35787742
/Cube/raw/971.PNG 0.20311129 0.46844834 0.32844037
/Cube/raw/975.PNG 0.38187373 0.46028513 0.15784114
/Cube/raw/977.PNG 0.19173942 0.46423774 0.34402283
/Cube/raw/979.PNG 0.18646081 0.45803642 0.35550277
/Cube/raw/980.PNG 0.38472737 0.46095818 0.15431445
/Cube/raw/982.PNG 0.20324427 0.46851145 0.32824427
/Cube/raw/983.PNG 0.21722963 0.47474434 0.30802603
/Cube/raw/984.PNG 0.20847458 0.47033898 0.32118644
/Cube/raw/985.PNG 0.29087828 0.49929398 0.20982773
/Cube/raw/986.PNG 0.20452311 0.46853491 0.32694199
/Cube/raw/987.PNG 0.19014755 0.46311280 0.34673965
/Cube/raw/988.PNG 0.18359375 0.46037946 0.35602679
/Cube/raw/990.PNG 0.25080848 0.49407115 0.25512037
/Cube/raw/991.PNG 0.19988102 0.46519929 0.33491969
/Cube/raw/992.PNG 0.20483716 0.46957129 0.32559155
/Cube/raw/995.PNG 0.39488966 0.45760743 0.14750290
/Cube/raw/997.PNG 0.20090439 0.46899225 0.33010336
/Cube/raw/998.PNG 0.20321361 0.46691871 0.32986767
/Cube/raw/1007.PNG 0.19993550 0.46597872 0.33408578
/Cube/raw/1008.PNG 0.21320017 0.47242727 0.31437256
/Cube/raw/1017.PNG 0.20402893 0.46745868 0.32851240
/Cube/raw/1021.PNG 0.19869707 0.46742671 0.33387622
/Cube/raw/1026.PNG 0.20135939 0.46516568 0.33347494
/Cube/raw/1029.PNG 0.20636137 0.46963020 0.32400843
/Cube/raw/1030.PNG 0.38690969 0.47970174 0.13338857
/Cube/raw/1043.PNG 0.21026184 0.47209733 0.31764084
/Cube/raw/1044.PNG 0.19987453 0.46712673 0.33299875
/Cube/raw/1046.PNG 0.19464640 0.46463979 0.34071381
/Cube/raw/1048.PNG 0.20802782 0.47292724 0.31904493
/Cube/raw/1053.PNG 0.19682018 0.45592327 0.34725655
/Cube/raw/1054.PNG 0.21908823 0.47490981 0.30600197
/Cube/raw/1055.PNG 0.47061863 0.44234460 0.08703676
/Cube/raw/1057.PNG 0.19958130 0.46545708 0.33496162
/Cube/raw/1062.PNG 0.20224090 0.46778711 0.32997199
/Cube/raw/1063.PNG 0.20903454 0.47077059 0.32019486
/Cube/raw/1068.PNG 0.18486251 0.46229240 0.35284509
/Cube/raw/1073.PNG 0.20102937 0.46942174 0.32954889
/Cube/raw/1074.PNG 0.19074814 0.46259280 0.34665905
/Cube/raw/1075.PNG 0.38319198 0.46106399 0.15574402
/Cube/raw/1077.PNG 0.20380679 0.47189801 0.32429521
/Cube/raw/1079.PNG 0.20026830 0.46799540 0.33173630
/Cube/raw/1086.PNG 0.20497312 0.47110215 0.32392473
/Cube/raw/1092.PNG 0.20256660 0.46962313 0.32781027
/Cube/raw/1093.PNG 0.23191095 0.46846011 0.29962894
/Cube/raw/1096.PNG 0.21207785 0.47452776 0.31339439
/Cube/raw/1100.PNG 0.28509485 0.49810298 0.21680217
/Cube/raw/1103.PNG 0.20261873 0.46848646 0.32889481
/Cube/raw/1113.PNG 0.20430487 0.46859562 0.32709951
/Cube/raw/1117.PNG 0.19330357 0.47008929 0.33660714
/Cube/raw/1118.PNG 0.20910698 0.47148541 0.31940760
/Cube/raw/1119.PNG 0.20141220 0.47217016 0.32641764
/Cube/raw/1122.PNG 0.20015924 0.46863057 0.33121019
/Cube/raw/1126.PNG 0.20220244 0.47129803 0.32649953
/Cube/raw/1131.PNG 0.18887198 0.46402956 0.34709846
/Cube/raw/1132.PNG 0.20263158 0.46578947 0.33157895
/Cube/raw/1136.PNG 0.19427780 0.46294416 0.34277803
/Cube/raw/1137.PNG 0.20742592 0.47090325 0.32167083
/Cube/raw/1138.PNG 0.16491228 0.45614035 0.37894737
/Cube/raw/1139.PNG 0.20030407 0.46978335 0.32991258
/Cube/raw/1140.PNG 0.20371886 0.48216583 0.31411531
/Cube/raw/1141.PNG 0.15958211 0.45595821 0.38445968
/Cube/raw/1146.PNG 0.20187455 0.46935833 0.32876712
/Cube/raw/1150.PNG 0.38062112 0.46285714 0.15652174
/Cube/raw/1151.PNG 0.16218354 0.45411392 0.38370253
/Cube/raw/1154.PNG 0.20289720 0.46981308 0.32728972
/Cube/raw/1156.PNG 0.19894447 0.46661313 0.33444240
/Cube/raw/1158.PNG 0.24174757 0.47378641 0.28446602
/Cube/raw/1159.PNG 0.20371912 0.46738829 0.32889259
/Cube/raw/1166.PNG 0.20461670 0.46964947 0.32573383
/Cube/raw/1167.PNG 0.16842996 0.45429539 0.37727465
/Cube/raw/1172.PNG 0.20319060 0.46767422 0.32913518
/Cube/raw/1184.PNG 0.20543841 0.46814149 0.32642009
/Cube/raw/1185.PNG 0.38161296 0.46295479 0.15543225
/Cube/raw/1186.PNG 0.16580388 0.46013903 0.37405709
/Cube/raw/1190.PNG 0.29436893 0.50213592 0.20349515
/Cube/raw/1191.PNG 0.18890555 0.46026987 0.35082459
/Cube/raw/1192.PNG 0.19974144 0.46606335 0.33419522
/Cube/raw/1195.PNG 0.38224181 0.46158690 0.15617128
/Cube/raw/1199.PNG 0.20821414 0.47118921 0.32059665
/Cube/raw/1206.PNG 0.20043037 0.46910544 0.33046419
/Cube/raw/1209.PNG 0.20247934 0.46576151 0.33175915
/Cube/raw/1212.PNG 0.21612931 0.47643226 0.30743844
/Cube/raw/1216.PNG 0.17955010 0.45644172 0.36400818
/Cube/raw/1224.PNG 0.23672177 0.47555399 0.28772423
/Cube/raw/1233.PNG 0.16359447 0.45794931 0.37845622
/Cube/raw/1239.PNG 0.21611910 0.47330595 0.31057495
/Cube/raw/1240.PNG 0.47697491 0.44611300 0.07691210
/Cube/raw/1241.PNG 0.20603567 0.47023320 0.32373114
/Cube/raw/1244.PNG 0.17762238 0.46013986 0.36223776
/Cube/raw/1247.PNG 0.19912949 0.46572361 0.33514690
/Cube/raw/1248.PNG 0.20997163 0.47223348 0.31779489
/Cube/raw/1252.PNG 0.20407577 0.46986223 0.32606200
/Cube/raw/1260.PNG 0.38570548 0.46087492 0.15341959
/Cube/raw/1263.PNG 0.19206621 0.46347032 0.34446347
/Cube/raw/1264.PNG 0.17727338 0.46027870 0.36244792
/Cube/raw/1266.PNG 0.19375420 0.46490934 0.34133647
/Cube/raw/1269.PNG 0.20197570 0.46976372 0.32826058
/Cube/raw/1270.PNG 0.47440197 0.43874357 0.08685446
/Cube/raw/1272.PNG 0.21909736 0.47542520 0.30547743
/Cube/raw/1274.PNG 0.20907248 0.46984288 0.32108464
/Cube/raw/1278.PNG 0.20685901 0.46924333 0.32389766
/Cube/raw/1284.PNG 0.19862041 0.46703185 0.33434774
/Cube/raw/1287.PNG 0.20553965 0.47453226 0.31992809
/Cube/raw/1288.PNG 0.16614201 0.45785240 0.37600560
/Cube/raw/1293.PNG 0.21424788 0.47457627 0.31117585
/Cube/raw/1294.PNG 0.18003731 0.46361940 0.35634328
/Cube/raw/1296.PNG 0.20024934 0.46618357 0.33356709
/Cube/raw/1297.PNG 0.19726422 0.46436285 0.33837293
/Cube/raw/1298.PNG 0.20135797 0.47495548 0.32368655
/Cube/raw/1304.PNG 0.16167171 0.45174594 0.38658235
/Cube/raw/1306.PNG 0.17880170 0.46139330 0.35980500
/Cube/raw/1307.PNG 0.20558424 0.47045324 0.32396252
/Cube/raw/1308.PNG 0.20543565 0.46842526 0.32613909
/Cube/raw/1309.PNG 0.20357371 0.46904914 0.32737715
/Cube/raw/1312.PNG 0.16827870 0.45912865 0.37259266
/Cube/raw/1313.PNG 0.20227508 0.47507756 0.32264736
/Cube/raw/1314.PNG 0.19775070 0.46686303 0.33538626
/Cube/raw/1319.PNG 0.21047331 0.47029204 0.31923464
/Cube/raw/1321.PNG 0.20136758 0.47216621 0.32646620
/Cube/raw/1329.PNG 0.20112016 0.46741344 0.33146640
/Cube/raw/1335.PNG 0.38603013 0.46116220 0.15280767
/Cube/raw/1336.PNG 0.20301291 0.46879484 0.32819225
/Cube/raw/1337.PNG 0.21733129 0.47285276 0.30981595
/Cube/raw/1338.PNG 0.20185185 0.46851852 0.32962963
/Cube/raw/1346.PNG 0.20212413 0.46730833 0.33056754
/Cube/raw/1347.PNG 0.18384947 0.46295570 0.35319483
/Cube/raw/1355.PNG 0.38041002 0.46013667 0.15945330
/Cube/raw/1356.PNG 0.23762120 0.47472527 0.28765352
/Cube/raw/1362.PNG 0.20650067 0.47055315 0.32294618
/Cube/raw/1365.PNG 0.38273796 0.46177058 0.15549146
/Cube/raw/1366.PNG 0.20324544 0.46693712 0.32981744
/Cube/raw/1369.PNG 0.16528222 0.45623003 0.37848775
/Cube/raw/1377.PNG 0.16324889 0.45195014 0.38480097
/Cube/raw/1378.PNG 0.20436681 0.47382481 0.32180837
/Cube/raw/1382.PNG 0.21140732 0.47241166 0.31618103
/Cube/raw/1385.PNG 0.27310749 0.50355500 0.22333752
/Cube/raw/1386.PNG 0.20160750 0.46550569 0.33288681
/Cube/raw/1388.PNG 0.21750952 0.47417074 0.30831974
/Cube/raw/1389.PNG 0.21057012 0.47232626 0.31710362
/Cube/raw/1393.PNG 0.19571168 0.46487226 0.33941606
/Cube/raw/1397.PNG 0.20478469 0.46794258 0.32727273
/Cube/raw/1404.PNG 0.21314496 0.47113022 0.31572482
/Cube/raw/1409.PNG 0.19399538 0.46420323 0.34180139
/Cube/raw/1416.PNG 0.20432264 0.47125668 0.32442068
/Cube/raw/1421.PNG 0.20549139 0.46981913 0.32468947
/Cube/raw/1422.PNG 0.17717087 0.45553221 0.36729692
/Cube/raw/1426.PNG 0.21063395 0.46625767 0.32310838
/Cube/raw/1428.PNG 0.20336243 0.46621403 0.33042354
/Cube/raw/1429.PNG 0.20361373 0.46948072 0.32690556
/Cube/raw/1431.PNG 0.22802042 0.47362450 0.29835508
/Cube/raw/1433.PNG 0.21564195 0.47287523 0.31148282
/Cube/raw/1434.PNG 0.19474058 0.46339730 0.34186212
/Cube/raw/1435.PNG 0.29626467 0.50330843 0.20042689
/Cube/raw/1440.PNG 0.38181818 0.46207792 0.15610390
/Cube/raw/1441.PNG 0.19623847 0.46593329 0.33782825
/Cube/raw/1442.PNG 0.20259939 0.46712538 0.33027523
/Cube/raw/1443.PNG 0.20468815 0.46944328 0.32586856
/Cube/raw/1444.PNG 0.20454545 0.47085561 0.32459893
/Cube/raw/1448.PNG 0.20581655 0.46868009 0.32550336
/Cube/raw/1452.PNG 0.15606242 0.45078031 0.39315726
/Cube/raw/1454.PNG 0.17495183 0.45780347 0.36724470
/Cube/raw/1456.PNG 0.18825957 0.46434304 0.34739739
/Cube/raw/1457.PNG 0.19900643 0.46902396 0.33196961
/Cube/raw/1459.PNG 0.17916428 0.46078993 0.36004579
/Cube/raw/1461.PNG 0.20655979 0.47116270 0.32227750
/Cube/raw/1464.PNG 0.21092388 0.46833236 0.32074375
/Cube/raw/1465.PNG 0.37723214 0.47991071 0.14285714
/Cube/raw/1466.PNG 0.20268890 0.46987747 0.32743363
/Cube/raw/1470.PNG 0.38230088 0.46283186 0.15486726
/Cube/raw/1472.PNG 0.18227545 0.46227545 0.35544910
/Cube/raw/1473.PNG 0.15994166 0.45721925 0.38283909
/Cube/raw/1476.PNG 0.16285453 0.45242452 0.38472095
/Cube/raw/1481.PNG 0.21025901 0.46216353 0.32757745
/Cube/raw/1484.PNG 0.17969970 0.46390390 0.35639640
/Cube/raw/1485.PNG 0.39096267 0.45579568 0.15324165
/Cube/raw/1488.PNG 0.16990583 0.45782408 0.37227009
/Cube/raw/1489.PNG 0.18446602 0.45900755 0.35652643
/Cube/raw/1490.PNG 0.37975647 0.46118721 0.15905632
/Cube/raw/1491.PNG 0.16829635 0.45863106 0.37307258
/Cube/raw/1493.PNG 0.20167177 0.47198022 0.32634801
/Cube/raw/1494.PNG 0.20355389 0.47081768 0.32562843
/Cube/raw/1496.PNG 0.21662050 0.47257618 0.31080332
/Cube/raw/1507.PNG 0.19833729 0.46555819 0.33610451
/Cube/raw/1509.PNG 0.20613250 0.46956132 0.32430618
/Cube/raw/1510.PNG 0.38039562 0.46260754 0.15699684
/Cube/raw/1513.PNG 0.19844260 0.46721929 0.33433811
/Cube/raw/1514.PNG 0.16314935 0.45413961 0.38271104
/Cube/raw/1518.PNG 0.20144820 0.46899369 0.32955811
/Cube/raw/1519.PNG 0.20278100 0.47036914 0.32684986
/Cube/raw/1520.PNG 0.20562130 0.48964497 0.30473373
/Cube/raw/1526.PNG 0.18716759 0.46316623 0.34966618
/Cube/raw/1530.PNG 0.43892028 0.45963591 0.10144382
/Cube/raw/1531.PNG 0.20161020 0.46695740 0.33143241
/Cube/raw/1532.PNG 0.20161774 0.46704614 0.33133613
/Cube/raw/1535.PNG 0.38596491 0.46081871 0.15321637
/Cube/raw/1537.PNG 0.19643186 0.46643370 0.33713445
/Cube/raw/1540.PNG 0.37913959 0.46301455 0.15784587
/Cube/raw/1542.PNG 0.20136852 0.46660150 0.33202998
/Cube/raw/1552.PNG 0.20253165 0.46942414 0.32804421
/Cube/raw/1555.PNG 0.38183238 0.46069755 0.15747007
/Cube/raw/1556.PNG 0.17360666 0.45932095 0.36707239
/Cube/raw/1558.PNG 0.20542961 0.47229219 0.32227820
/Cube/raw/1568.PNG 0.20424809 0.46966865 0.32608326
/Cube/raw/1574.PNG 0.22780488 0.46878049 0.30341463
/Cube/raw/1575.PNG 0.30167826 0.49979533 0.19852640
/Cube/raw/1577.PNG 0.20206272 0.47021680 0.32772048
/Cube/raw/1578.PNG 0.19892257 0.46996864 0.33110879
/Cube/raw/1580.PNG 0.48181286 0.44861611 0.06957103
/Cube/raw/1582.PNG 0.20279905 0.46923686 0.32796409
/Cube/raw/1584.PNG 0.20126532 0.46975089 0.32898379
/Cube/raw/1586.PNG 0.20319149 0.46994681 0.32686170
/Cube/raw/1589.PNG 0.20157233 0.47148847 0.32693920
/Cube/raw/1591.PNG 0.20353982 0.45784816 0.33861202
/Cube/raw/1595.PNG 0.38173976 0.46153846 0.15672178
/Cube/raw/1596.PNG 0.17647059 0.45674740 0.36678201
/Cube/raw/1597.PNG 0.21117833 0.46989340 0.31892826
/Cube/raw/1601.PNG 0.20336311 0.46855842 0.32807847
/Cube/raw/1610.PNG 0.25174568 0.49797868 0.25027563
/Cube/raw/1611.PNG 0.19724221 0.46482814 0.33792966
/Cube/raw/1612.PNG 0.22161572 0.46986900 0.30851528
/Cube/raw/1613.PNG 0.20258035 0.47068809 0.32673155
/Cube/raw/1614.PNG 0.21102662 0.46768061 0.32129278
/Cube/raw/1620.PNG 0.47248495 0.45012898 0.07738607
/Cube/raw/1626.PNG 0.21170960 0.47166276 0.31662763
/Cube/raw/1632.PNG 0.20134933 0.46926537 0.32938531
/Cube/raw/1636.PNG 0.17857143 0.46071429 0.36071429
/Cube/raw/1639.PNG 0.20079228 0.46967071 0.32953701
/Cube/raw/1640.PNG 0.49684814 0.42177650 0.08137536
/Cube/raw/1646.PNG 0.20945647 0.47105612 0.31948741
/Cube/raw/1647.PNG 0.20055944 0.46853147 0.33090909
/Cube/raw/1651.PNG 0.19622093 0.46220930 0.34156977
/Cube/raw/1653.PNG 0.20216416 0.46740565 0.33043019
/Cube/raw/1654.PNG 0.20280811 0.46567863 0.33151326
/Cube/raw/1655.PNG 0.37418419 0.48223350 0.14358231
/Cube/raw/1657.PNG 0.19949093 0.46675151 0.33375756
/Cube/raw/1659.PNG 0.19989047 0.46911281 0.33099671
/Cube/raw/1661.PNG 0.19147622 0.46386658 0.34465720
/Cube/raw/1665.PNG 0.38403361 0.45966387 0.15630252
/Cube/raw/1666.PNG 0.20748363 0.47034612 0.32217025
/Cube/raw/1667.PNG 0.21783181 0.47315096 0.30901722
/Cube/raw/1671.PNG 0.20161834 0.47089234 0.32748932
/Cube/raw/1673.PNG 0.20357225 0.47149073 0.32493703
/Cube/raw/1680.PNG 0.28308593 0.49801380 0.21890027
/Cube/raw/1681.PNG 0.20842495 0.47401921 0.31755584
/Cube/raw/1690.PNG 0.38504673 0.45981308 0.15514019
/Cube/raw/1692.PNG 0.20312655 0.47016919 0.32670426
/Cube/raw/1694.PNG 0.17623444 0.46146126 0.36230430
/Cube/raw/1696.PNG 0.20113662 0.47113885 0.32772454
/Cube/raw/1697.PNG 0.20189274 0.46958089 0.32852636
/Cube/raw/1704.PNG 0.32584834 0.7674222  0.55216485
/Cube/raw/1705.PNG 0.7288745  0.67352885 0.12288618
/Cube/raw/1707.PNG 0.62305117 0.74238837 0.24630642