/Cube/raw/1.PNG 0.16238344 0.45326359 0.38435297
/Cube/raw/3.PNG 0.20398010 0.47142337 0.32459653
/Cube/raw/11.PNG 0.19870816 0.46846741 0.33282443
/Cube/raw/12.PNG 0.20660377 0.47248428 0.32091195
/Cube/raw/14.PNG 0.20601972 0.47543012 0.31855016
/Cube/raw/16.PNG 0.20115207 0.47004608 0.32880184
/Cube/raw/30.PNG 0.38070404 0.46284224 0.15645372
/Cube/raw/31.PNG 0.19988610 0.46697039 0.33314351
/Cube/raw/34.PNG 0.21305115 0.47160494 0.31534392
/Cube/raw/36.PNG 0.21099821 0.47220562 0.31679617
/Cube/raw/38.PNG 0.18488024 0.45883234 0.35628743
/Cube/raw/40.PNG 0.38018079 0.46256183 0.15725738
/Cube/raw/41.PNG 0.20362976 0.46950998 0.32686025
/Cube/raw/43.PNG 0.19119130 0.46127984 0.34752886
/Cube/raw/46.PNG 0.19838126 0.46082314 0.34079559
/Cube/raw/47.PNG 0.20738988 0.47178101 0.32082911
/Cube/raw/48.PNG 0.20113738 0.47051781 0.32834481
/Cube/raw/49.PNG 0.20238437 0.47069808 0.32691755
/Cube/raw/51.PNG 0.16677169 0.45452636 0.37870195
/Cube/raw/53.PNG 0.20506400 0.46939343 0.32554257
/Cube/raw/55.PNG 0.46401419 0.45514445 0.08084136
/Cube/raw/57.PNG 0.20079107 0.46975337 0.32945556
/Cube/raw/59.PNG 0.20438596 0.46842105 0.32719298
/Cube/raw/60.PNG 0.27745665 0.49614644 0.22639692
/Cube/raw/69.PNG 0.20374707 0.46771495 0.32853797
/Cube/raw/72.PNG 0.20271235 0.46776112 0.32952653
/Cube/raw/79.PNG 0.19084854 0.46413747 0.34501400
/Cube/raw/82.PNG 0.19766265 0.46673415 0.33560320
/Cube/raw/84.PNG 0.20953576 0.46863237 0.32183187
/Cube/raw/88.PNG 0.20063694 0.46560510 0.33375796
/Cube/raw/91.PNG 0.19650173 0.46848408 0.33501418
/Cube/raw/100.PNG 0.48492071 0.43899532 0.07608397
/Cube/raw/101.PNG 0.20907784 0.47073321 0.32018895
/Cube/raw/107.PNG 0.19979173 0.46742041 0.33278786
/Cube/raw/110.PNG 0.38161209 0.46158690 0.15680101
/Cube/raw/113.PNG 0.17412175 0.45865154 0.36722671
/Cube/raw/114.PNG 0.20400684 0.47178109 0.32421207
/Cube/raw/116.PNG 0.20216757 0.46936223 0.32847020
/Cube/raw/118.PNG 0.20011451 0.46736330 0.33252219
/Cube/raw/120.PNG 0.21992925 0.49086085 0.28920991
/Cube/raw/123.PNG 0.22880854 0.47065797 0.30053349
/Cube/raw/128.PNG 0.25485932 0.47546554 0.26967514
/Cube/raw/129.PNG 0.19249311 0.47141873 0.33608815
/Cube/raw/131.PNG 0.21008075 0.47212816 0.31779109
/Cube/raw/135.PNG 0.38908766 0.45930233 0.15161002
/Cube/raw/136.PNG 0.18440333 0.46020117 0.35539550
/Cube/raw/138.PNG 0.16913397 0.45558845 0.37527757
/Cube/raw/141.PNG 0.20167576 0.47057677 0.32774747
/Cube/raw/142.PNG 0.20201702 0.46643555 0.33154743
/Cube/raw/143.PNG 0.21844127 0.47420417 0.30735456
/Cube/raw/144.PNG 0.20246757 0.46947169 0.32806074
/Cube/raw/145.PNG 0.23381487 0.49652220 0.26966292
/Cube/raw/147.PNG 0.22134477 0.46750903 0.31114621
/Cube/raw/148.PNG 0.20959264 0.47043364 0.31997372
/Cube/raw/149.PNG 0.20178460 0.47072636 0.32748904
/Cube/raw/153.PNG 0.21378899 0.47466720 0.31154381
/Cube/raw/154.PNG 0.21654501 0.47445255 0.30900243
/Cube/raw/156.PNG 0.20508348 0.47121854 0.32369798
/Cube/raw/157.PNG 0.17938125 0.46341687 0.35720187
/Cube/raw/158.PNG 0.20614732 0.47164812 0.32220456
/Cube/raw/159.PNG 0.21313257 0.47485253 0.31201490
/Cube/raw/160.PNG 0.28478964 0.49298813 0.22222222
/Cube/raw/162.PNG 0.20414730 0.46996782 0.32588488
/Cube/raw/167.PNG 0.20297177 0.46745914 0.32956909
/Cube/raw/170.PNG 0.37052201 0.48720573 0.14227226
/Cube/raw/171.PNG 0.20031285 0.47032241 0.32936473
/Cube/raw/177.PNG 0.20344758 0.47003407 0.32651834
/Cube/raw/179.PNG 0.19462996 0.46572168 0.33964836
/Cube/raw/180.PNG 0.23919523 0.49403875 0.26676602
/Cube/raw/181.PNG 0.15604909 0.45061368 0.39333723
/Cube/raw/185.PNG 0.37219344 0.48791019 0.13989637
/Cube/raw/190.PNG 0.28908514 0.49827515 0.21263971
/Cube/raw/191.PNG 0.21065352 0.47283449 0.31651199
/Cube/raw/194.PNG 0.20289855 0.46681922 0.33028223
/Cube/raw/196.PNG 0.21970624 0.46878825 0.31150551
/Cube/raw/200.PNG 0.25417237 0.49658003 0.24924761
/Cube/raw/203.PNG 0.21109011 0.47006931 0.31884058
/Cube/raw/204.PNG 0.20628183 0.46972269 0.32399547
/Cube/raw/205.PNG 0.25952915 0.49383408 0.24663677
/Cube/raw/206.PNG 0.18005716 0.46046364 0.35947920
/Cube/raw/211.PNG 0.21136310 0.47112462 0.31751227
/Cube/raw/213.PNG 0.20223923 0.46981293 0.32794785
/Cube/raw/214.PNG 0.17611160 0.45684394 0.36704446
/Cube/raw/219.PNG 0.20294229 0.46850245 0.32855526
/Cube/raw/220.PNG 0.30065157 0.50418864 0.19515979
/Cube/raw/224.PNG 0.20438871 0.47084639 0.32476489
/Cube/raw/227.PNG 0.20345918 0.46884880 0.32769202
/Cube/raw/229.PNG 0.20233165 0.46955054 0.32811781
/Cube/raw/233.PNG 0.20364912 0.47235088 0.32400000
/Cube/raw/234.PNG 0.18329596 0.46020179 0.35650224
/Cube/raw/241.PNG 0.20460779 0.46937283 0.32601938
/Cube/raw/242.PNG 0.21401435 0.47277332 0.31321233
/Cube/raw/247.PNG 0.20218295 0.47167360 0.32614345
/Cube/raw/251.PNG 0.19804287 0.46644921 0.33550792
/Cube/raw/253.PNG 0.20171318 0.46587455 0.33241227
/Cube/raw/254.PNG 0.18979786 0.46438746 0.34581468
/Cube/raw/257.PNG 0.20512821 0.46757164 0.32730015
/Cube/raw/261.PNG 0.20231868 0.47038032 0.32730100
/Cube/raw/262.PNG 0.16626127 0.45843468 0.37530405
/Cube/raw/264.PNG 0.18628617 0.46531906 0.34839477
/Cube/raw/266.PNG 0.20443227 0.46987052 0.32569721
/Cube/raw/268.PNG 0.22407504 0.47767935 0.29824561
/Cube/raw/269.PNG 0.18477419 0.46193548 0.35329032
/Cube/raw/270.PNG 0.22077922 0.49177489 0.28744589
/Cube/raw/271.PNG 0.20198511 0.46923077 0.32878412
/Cube/raw/272.PNG 0.16282421 0.45734870 0.37982709
/Cube/raw/274.PNG 0.19137056 0.46598985 0.34263959
/Cube/raw/275.PNG 0.37630662 0.45993031 0.16376307
/Cube/raw/280.PNG 0.28263679 0.49547609 0.22188712
/Cube/raw/281.PNG 0.19145049 0.46218487 0.34636463
/Cube/raw/282.PNG 0.23850144 0.47446686 0.28703170
/Cube/raw/288.PNG 0.21493350 0.47934547 0.30572102
/Cube/raw/297.PNG 0.21904762 0.47333333 0.30761905
/Cube/raw/302.PNG 0.20256184 0.46969965 0.32773852
/Cube/raw/303.PNG 0.20313344 0.47109670 0.32576985
/Cube/raw/307.PNG 0.18011027 0.45844395 0.36144578
/Cube/raw/308.PNG 0.20582458 0.47160304 0.32257238
/Cube/raw/312.PNG 0.18393004 0.46242143 0.35364854
/Cube/raw/313.PNG 0.20839350 0.47265343 0.31895307
/Cube/raw/315.PNG 0.31651885 0.51940133 0.16407982
/Cube/raw/318.PNG 0.20114793 0.46843204 0.33042004
/Cube/raw/320.PNG 0.38632896 0.46048215 0.15318889
/Cube/raw/323.PNG 0.20592334 0.46898955 0.32508711
/Cube/raw/325.PNG 0.38255034 0.46096786 0.15648181
/Cube/raw/336.PNG 0.18375870 0.46264501 0.35359629
/Cube/raw/337.PNG 0.21128130 0.47568685 0.31303185
/Cube/raw/340.PNG 0.38352045 0.46230954 0.15417001
/Cube/raw/350.PNG 0.46305931 0.44745057 0.08949011
/Cube/raw/351.PNG 0.19140872 0.46462413 0.34396715
/Cube/raw/352.PNG 0.20157631 0.46835443 0.33006926
/Cube/raw/353.PNG 0.21623489 0.47219344 0.31157168
/Cube/raw/355.PNG 0.38382327 0.46118641 0.15499032
/Cube/raw/357.PNG 0.20218462 0.46947955 0.32833583
/Cube/raw/361.PNG 0.20254958 0.46671388 0.33073654
/Cube/raw/369.PNG 0.24453360 0.47562688 0.27983952
/Cube/raw/376.PNG 0.19349845 0.46857585 0.33792570
/Cube/raw/377.PNG 0.19712352 0.46531303 0.33756345
/Cube/raw/378.PNG 0.18035883 0.46270066 0.35694051
/Cube/raw/379.PNG 0.20200975 0.46970593 0.32828432
/Cube/raw/381.PNG 0.19565217 0.46245059 0.34189723
/Cube/raw/385.PNG 0.27183099 0.49154930 0.23661972
/Cube/raw/386.PNG 0.18028534 0.45698227 0.36273238
/Cube/raw/390.PNG 0.36858476 0.48833593 0.14307932
/Cube/raw/394.PNG 0.19861432 0.46546294 0.33592274
/Cube/raw/402.PNG 0.20388350 0.46828479 0.32783172
/Cube/raw/404.PNG 0.16026490 0.45474614 0.38498896
/Cube/raw/406.PNG 0.19280922 0.46550196 0.34168882
/Cube/raw/407.PNG 0.20067404 0.46809290 0.33123306
/Cube/raw/412.PNG 0.20292416 0.46850900 0.32856684
/Cube/raw/413.PNG 0.20004933 0.46978293 0.33016774
/Cube/raw/414.PNG 0.20433183 0.46832857 0.32733960
/Cube/raw/417.PNG 0.18154014 0.46411797 0.35434189
/Cube/raw/418.PNG 0.19065126 0.46218487 0.34716387
/Cube/raw/419.PNG 0.20493786 0.47335057 0.32171157
/Cube/raw/434.PNG 0.18022747 0.45844269 0.36132983
/Cube/raw/435.PNG 0.38174274 0.46213693 0.15612033
/Cube/raw/440.PNG 0.38105568 0.46179802 0.15714630
/Cube/raw/444.PNG 0.20305677 0.46943231 0.32751092
/Cube/raw/446.PNG 0.20319099 0.46879399 0.32801502
/Cube/raw/448.PNG 0.16042155 0.45160031 0.38797814
/Cube/raw/449.PNG 0.20405797 0.46782609 0.32811594
/Cube/raw/451.PNG 0.20425294 0.46950196 0.32624510
/Cube/raw/452.PNG 0.20678033 0.47045995 0.32275971
/Cube/raw/457.PNG 0.21081831 0.47087379 0.31830791
/Cube/raw/461.PNG 0.18375654 0.46540027 0.35084319
/Cube/raw/463.PNG 0.19901605 0.46690875 0.33407520
/Cube/raw/465.PNG 0.26716247 0.50171625 0.23112128
/Cube/raw/471.PNG 0.21059349 0.46841098 0.32099553
/Cube/raw/474.PNG 0.20624409 0.46925260 0.32450331
/Cube/raw/476.PNG 0.21172122 0.47148891 0.31678986
/Cube/raw/485.PNG 0.38192420 0.46246356 0.15561224
/Cube/raw/487.PNG 0.19931479 0.46977025 0.33091495
/Cube/raw/488.PNG 0.20161922 0.46957430 0.32880648
/Cube/raw/490.PNG 0.24623116 0.50125628 0.25251256
/Cube/raw/493.PNG 0.16487455 0.45519713 0.37992832
/Cube/raw/495.PNG 0.47631408 0.42634653 0.09733939
/Cube/raw/496.PNG 0.20141439 0.47028424 0.32830137
/Cube/raw/508.PNG 0.20614079 0.47156853 0.32229068
/Cube/raw/509.PNG 0.22273188 0.47935903 0.29790910
/Cube/raw/526.PNG 0.15576471 0.44988235 0.39435294
/Cube/raw/527.PNG 0.19090136 0.46598639 0.34311224
/Cube/raw/530.PNG 0.45887017 0.45787909 0.08325074
/Cube/raw/531.PNG 0.17926933 0.45766072 0.36306995
/Cube/raw/536.PNG 0.20313813 0.46763799 0.32922387
/Cube/raw/537.PNG 0.20025084 0.46906355 0.33068562
/Cube/raw/539.PNG 0.16150870 0.45228885 0.38620245
/Cube/raw/542.PNG 0.17067928 0.45657782 0.37274291
/Cube/raw/545.PNG 0.47150259 0.43828101 0.09021640
/Cube/raw/547.PNG 0.19839712 0.46647040 0.33513248
/Cube/raw/549.PNG 0.22730375 0.47235495 0.30034130
/Cube/raw/553.PNG 0.20690979 0.47044146 0.32264875
/Cube/raw/555.PNG 0.22629310 0.49676724 0.27693966
/Cube/raw/557.PNG 0.17206983 0.45885287 0.36907731
/Cube/raw/558.PNG 0.20116813 0.46992073 0.32891114
/Cube/raw/559.PNG 0.19927176 0.46739490 0.33333333
/Cube/raw/561.PNG 0.21177968 0.47302205 0.31519826
/Cube/raw/568.PNG 0.20416038 0.46871330 0.32712632
/Cube/raw/572.PNG 0.18373494 0.45843373 0.35783133
/Cube/raw/578.PNG 0.21724138 0.47344828 0.30931034
/Cube/raw/579.PNG 0.17025684 0.45857498 0.37116819
/Cube/raw/580.PNG 0.29769618 0.50359971 0.19870410
/Cube/raw/582.PNG 0.19073359 0.45945946 0.34980695
/Cube/raw/585.PNG 0.38771824 0.46026490 0.15201686
/Cube/raw/587.PNG 0.20394173 0.46700943 0.32904884
/Cube/raw/589.PNG 0.20020679 0.47109691 0.32869631
/Cube/raw/590.PNG 0.27920082 0.50102459 0.21977459
/Cube/raw/594.PNG 0.20766129 0.46841398 0.32392473
/Cube/raw/597.PNG 0.23555889 0.47711928 0.28732183
/Cube/raw/598.PNG 0.21128319 0.46957965 0.31913717
/Cube/raw/599.PNG 0.19388312 0.46531950 0.34079738
/Cube/raw/604.PNG 0.21395881 0.47292143 0.31311976
/Cube/raw/612.PNG 0.20958884 0.47276236 0.31764881
/Cube/raw/613.PNG 0.20750293 0.47342712 0.31906995
/Cube/raw/614.PNG 0.20768400 0.47106928 0.32124672
/Cube/raw/615.PNG 0.26401869 0.49532710 0.24065421
/Cube/raw/619.PNG 0.20167464 0.47009569 0.32822967
/Cube/raw/623.PNG 0.20274709 0.46999104 0.32726187
/Cube/raw/624.PNG 0.20292208 0.46753247 0.32954545
/Cube/raw/629.PNG 0.19546599 0.46935348 0.33518052
/Cube/raw/633.PNG 0.21062238 0.46834654 0.32103107
/Cube/raw/635.PNG 0.38557335 0.45997089 0.15445577
/Cube/raw/639.PNG 0.20856507 0.47024472 0.32119021
/Cube/raw/641.PNG 0.20228735 0.46747677 0.33023588
/Cube/raw/644.PNG 0.21452894 0.47181233 0.31365872
/Cube/raw/645.PNG 0.38305085 0.47796610 0.13898305
/Cube/raw/651.PNG 0.20134529 0.46928251 0.32937220
/Cube/raw/653.PNG 0.15765799 0.45387508 0.38846693
/Cube/raw/654.PNG 0.20026702 0.46595461 0.33377837
/Cube/raw/655.PNG 0.38216893 0.46141814 0.15641293
/Cube/raw/658.PNG 0.20247737 0.46917580 0.32834683
/Cube/raw/661.PNG 0.23069665 0.47649001 0.29281334
/Cube/raw/663.PNG 0.15752919 0.45500222 0.38746860
/Cube/raw/670.PNG 0.21268657 0.49363477 0.29367867
/Cube/raw/672.PNG 0.16798695 0.45864399 0.37336906
/Cube/raw/674.PNG 0.20403023 0.46809404 0.32787573
/Cube/raw/675.PNG 0.22893258 0.49297753 0.27808989
/Cube/raw/677.PNG 0.20432017 0.47003995 0.32563989
/Cube/raw/678.PNG 0.19966578 0.47236492 0.32796930
/Cube/raw/681.PNG 0.19964332 0.47002873 0.33032795
/Cube/raw/685.PNG 0.49456877 0.42572962 0.07970161
/Cube/raw/691.PNG 0.17023532 0.45940216 0.37036252
/Cube/raw/692.PNG 0.20285014 0.46982855 0.32732131
/Cube/raw/693.PNG 0.18065548 0.45723421 0.36211031
/Cube/raw/698.PNG 0.20231142 0.47110724 0.32658133
/Cube/raw/702.PNG 0.20226595 0.46964818 0.32808587
/Cube/raw/705.PNG 0.46983676 0.44381358 0.08634966
/Cube/raw/710.PNG 0.33893077 0.48457848 0.17649075
/Cube/raw/713.PNG 0.18230769 0.46076923 0.35692308
/Cube/raw/719.PNG 0.18913418 0.46469391 0.34617191
/Cube/raw/725.PNG 0.38088804 0.46256832 0.15654363
/Cube/raw/732.PNG 0.20253479 0.47042744 0.32703777
/Cube/raw/733.PNG 0.20376098 0.47012248 0.32611654
/Cube/raw/734.PNG 0.20457843 0.46751572 0.32790585
/Cube/raw/736.PNG 0.20739355 0.46902850 0.32357795
/Cube/raw/737.PNG 0.20184748 0.46698113 0.33117138
/Cube/raw/739.PNG 0.19960376 0.46557702 0.33481922
/Cube/raw/745.PNG 0.21500514 0.49537513 0.28961973
/Cube/raw/747.PNG 0.19900332 0.46710963 0.33388704
/Cube/raw/748.PNG 0.20596672 0.46930579 0.32472748
/Cube/raw/750.PNG 0.38666667 0.45777778 0.15555556
/Cube/raw/751.PNG 0.19489173 0.46696280 0.33814547
/Cube/raw/753.PNG 0.17131931 0.45908222 0.36959847
/Cube/raw/757.PNG 0.18584953 0.46188341 0.35226707
/Cube/raw/760.PNG 0.29333333 0.49629630 0.21037037
/Cube/raw/762.PNG 0.16333862 0.45500877 0.38165260
/Cube/raw/763.PNG 0.15852614 0.45565553 0.38581834
/Cube/raw/764.PNG 0.22720247 0.46213292 0.31066461
/Cube/raw/767.PNG 0.18786892 0.46244657 0.34968451
/Cube/raw/769.PNG 0.20595099 0.46966161 0.32438740
/Cube/raw/770.PNG 0.25667707 0.49601110 0.24731183
/Cube/raw/778.PNG 0.20237010 0.46581586 0.33181404
/Cube/raw/782.PNG 0.20593580 0.46981627 0.32424793
/Cube/raw/784.PNG 0.19902266 0.46601510 0.33496224
/Cube/raw/785.PNG 0.29353632 0.49839744 0.20806624
/Cube/raw/786.PNG 0.16984559 0.45049955 0.37965486
/Cube/raw/789.PNG 0.20566502 0.46674877 0.32758621
/Cube/raw/793.PNG 0.19703704 0.46370370 0.33925926
/Cube/raw/794.PNG 0.20122106 0.46858306 0.33019588
/Cube/raw/795.PNG 0.38189672 0.46181033 0.15629295
/Cube/raw/804.PNG 0.20000000 0.46228374 0.33771626
/Cube/raw/811.PNG 0.21036889 0.47245763 0.31717348
/Cube/raw/812.PNG 0.19553868 0.46590729 0.33855403
/Cube/raw/814.PNG 0.20108018 0.47057194 0.32834787
/Cube/raw/820.PNG 0.25922888 0.49712879 0.24364233
/Cube/raw/825.PNG 0.38511646 0.46012633 0.15475720
/Cube/raw/826.PNG 0.19601617 0.46535797 0.33862587
/Cube/raw/829.PNG 0.18953603 0.45705824 0.35340573
/Cube/raw/833.PNG 0.20697659 0.47159714 0.32142627
/Cube/raw/834.PNG 0.19748306 0.46570854 0.33680840
/Cube/raw/836.PNG 0.20175439 0.46751137 0.33073424
/Cube/raw/837.PNG 0.20376778 0.46905037 0.32718185
/Cube/raw/838.PNG 0.19673577 0.46404940 0.33921482
/Cube/raw/841.PNG 0.20245492 0.46976815 0.32777694
/Cube/raw/844.PNG 0.20731201 0.46987952 0.32280848
/Cube/raw/845.PNG 0.38912809 0.45963402 0.15123789
/Cube/raw/847.PNG 0.17269247 0.45937899 0.36792854
/Cube/raw/849.PNG 0.18923849 0.46283630 0.34792522
/Cube/raw/851.PNG 0.20673350 0.46926423 0.32400227
/Cube/raw/852.PNG 0.16419189 0.45288407 0.38292404
/Cube/raw/853.PNG 0.21915285 0.47467772 0.30616943
/Cube/raw/855.PNG 0.45979770 0.45328304 0.08691925
/Cube/raw/859.PNG 0.22283610 0.47206875 0.30509515
/Cube/raw/862.PNG 0.19234427 0.46433666 0.34331907
/Cube/raw/864.PNG 0.18565401 0.46202532 0.35232068
/Cube/raw/868.PNG 0.21642764 0.47435897 0.30921339
/Cube/raw/869.PNG 0.19858980 0.47357818 0.32783202
/Cube/raw/871.PNG 0.18010292 0.46255003 0.35734706
/Cube/raw/872.PNG 0.17568898 0.45964567 0.36466535
/Cube/raw/873.PNG 0.20267341 0.46893064 0.32839595
/Cube/raw/874.PNG 0.19786420 0.46705622 0.33507959
/Cube/raw/876.PNG 0.20140928 0.46799765 0.33059307
/Cube/raw/878.PNG 0.20625663 0.46765642 0.32608696
/Cube/raw/879.PNG 0.21012101 0.47139714 0.31848185
/Cube/raw/887.PNG 0.20321512 0.46999632 0.32678856
/Cube/raw/888.PNG 0.21472663 0.47442681 0.31084656
/Cube/raw/891.PNG 0.20290557 0.46924939 0.32784504
/Cube/raw/894.PNG 0.22628108 0.46676814 0.30695079
/Cube/raw/898.PNG 0.20064725 0.46903991 0.33031284
/Cube/raw/900.PNG 0.38198404 0.46066135 0.15735462
/Cube/raw/901.PNG 0.20459016 0.46950820 0.32590164
/Cube/raw/909.PNG 0.21394111 0.47795708 0.30810181
/Cube/raw/911.PNG 0.19106317 0.46733436 0.34160247
/Cube/raw/912.PNG 0.20387175 0.47005445 0.32607381
/Cube/raw/918.PNG 0.20287837 0.46843083 0.32869081
/Cube/raw/920.PNG 0.38810546 0.45984059 0.15205395
/Cube/raw/922.PNG 0.20214965 0.46858206 0.32926829
/Cube/raw/924.PNG 0.17581417 0.46185379 0.36233204
/Cube/raw/939.PNG 0.20895737 0.47191820 0.31912442
/Cube/raw/946.PNG 0.21407720 0.47259163 0.31333117
/Cube/raw/948.PNG 0.18946396 0.46358595 0.34695009
/Cube/raw/956.PNG 0.21121315 0.47220880 0.31657806
/Cube/raw/957.PNG 0.19973545 0.46851852 0.33174603
/Cube/raw/961.PNG 0.20052957 0.47043248 0.32903795
/Cube/raw/962.PNG 0.19566491 0.46309315 0.34124194
/Cube/raw/964.PNG 0.20009095 0.46612096 0.33378809
/Cube/raw/968.PNG 0.20182901 0.47001276 0.32815823
/Cube/raw/969.PNG 0.19512195 0.46555413 0.33932392
/Cube/raw/970.PNG 0.48130322 0.44076268 0.07793410
/Cube/raw/972.PNG 0.20749710 0.47238348 0.32011942
/Cube/raw/973.PNG 0.21382177 0.46609509 0.32008314
/Cube/raw/974.PNG 0.21684717 0.47484958 0.30830325
/Cube/raw/976.PNG 0.20846053 0.47012647 0.32141300
/Cube/raw/978.PNG 0.21528949 0.46599213 0.31871838
/Cube/raw/981.PNG 0.17911975 0.46264074 0.35823951
/Cube/raw/993.PNG 0.20667794 0.46956889 0.32375317
/Cube/raw/996.PNG 0.17877370 0.46023147 0.36099483
/Cube/raw/999.PNG 0.20925205 0.47233031 0.31841764
/Cube/raw/1000.PNG 0.28720627 0.50130548 0.21148825
/Cube/raw/1002.PNG 0.20390310 0.46702557 0.32907133
/Cube/raw/1003.PNG 0.19340404 0.46503149 0.34156447
/Cube/raw/1004.PNG 0.18240647 0.45945399 0.35813953
/Cube/raw/1005.PNG 0.20271682 0.48171369 0.31556949
/Cube/raw/1009.PNG 0.20596560 0.47332898 0.32070542
/Cube/raw/1011.PNG 0.20041370 0.46931740 0.33026890
/Cube/raw/1013.PNG 0.21437741 0.47753530 0.30808729
/Cube/raw/1014.PNG 0.20094899 0.46998814 0.32906287
/Cube/raw/1016.PNG 0.20233623 0.47291482 0.32474896
/Cube/raw/1018.PNG 0.19648241 0.46582915 0.33768844
/Cube/raw/1019.PNG 0.19245283 0.45283019 0.35471698
/Cube/raw/1020.PNG 0.29122393 0.49980323 0.20897285
/Cube/raw/1022.PNG 0.20751604 0.47222731 0.32025665
/Cube/raw/1024.PNG 0.19735007 0.46966527 0.33298466
/Cube/raw/1031.PNG 0.18375095 0.46140218 0.35484687
/Cube/raw/1032.PNG 0.21074695 0.47179878 0.31745427
/Cube/raw/1033.PNG 0.20129463 0.46920025 0.32950512
/Cube/raw/1037.PNG 0.20072072 0.46750751 0.33177177
/Cube/raw/1041.PNG 0.20170775 0.46914774 0.32914451
/Cube/raw/1045.PNG 0.29173496 0.49613674 0.21212831
/Cube/raw/1049.PNG 0.21664168 0.47301349 0.31034483
/Cube/raw/1056.PNG 0.20548317 0.46905537 0.32546145
/Cube/raw/1058.PNG 0.20321893 0.47062245 0.32615862
/Cube/raw/1060.PNG 0.25995316 0.49882904 0.24121780
/Cube/raw/1061.PNG 0.20107285 0.46945838 0.32946877
/Cube/raw/1065.PNG 0.38709677 0.45842799 0.15447524
/Cube/raw/1066.PNG 0.20155440 0.46839378 0.33005181
/Cube/raw/1069.PNG 0.20051086 0.46530438 0.33418476
/Cube/raw/1071.PNG 0.20978769 0.47103275 0.31917956
/Cube/raw/1076.PNG 0.20113798 0.46913229 0.32972973
/Cube/raw/1078.PNG 0.20703800 0.47063903 0.32232297
/Cube/raw/1082.PNG 0.20092838 0.47015915 0.32891247
/Cube/raw/1084.PNG 0.20371677 0.46883086 0.32745236
/Cube/raw/1090.PNG 0.48232283 0.44000960 0.07766757
/Cube/raw/1098.PNG 0.20000000 0.46448980 0.33551020
/Cube/raw/1099.PNG 0.19210687 0.46965485 0.33823829
/Cube/raw/1102.PNG 0.20136286 0.46848382 0.33015332
/Cube/raw/1104.PNG 0.19284065 0.46728253 0.33987683
/Cube/raw/1106.PNG 0.20372460 0.46867946 0.32759594
/Cube/raw/1107.PNG 0.20419034 0.47052557 0.32528409
/Cube/raw/1109.PNG 0.20281273 0.46780163 0.32938564
/Cube/raw/1110.PNG 0.37885738 0.46142619 0.15971643
/Cube/raw/1112.PNG 0.20424242 0.46606061 0.32969697
/Cube/raw/1124.PNG 0.16921899 0.45788668 0.37289433
/Cube/raw/1129.PNG 0.21013728 0.47138332 0.31847941
/Cube/raw/1142.PNG 0.19283830 0.46632177 0.34083993
/Cube/raw/1143.PNG 0.20898100 0.47389398 0.31712502
/Cube/raw/1147.PNG 0.20188482 0.46638743 0.33172775
/Cube/raw/1152.PNG 0.20774216 0.47101068 0.32124715
/Cube/raw/1157.PNG 0.20883820 0.47113329 0.32002851
/Cube/raw/1161.PNG 0.19875402 0.47072615 0.33051983
/Cube/raw/1168.PNG 0.19744795 0.46406985 0.33848220
/Cube/raw/1169.PNG 0.20217640 0.46735395 0.33046964
/Cube/raw/1174.PNG 0.20312779 0.47303324 0.32383897
/Cube/raw/1175.PNG 0.37579618 0.46019108 0.16401274
/Cube/raw/1176.PNG 0.18744650 0.46276748 0.34978602
/Cube/raw/1178.PNG 0.20640956 0.47039652 0.32319392
/Cube/raw/1179.PNG 0.18606870 0.46278626 0.35114504
/Cube/raw/1181.PNG 0.15638271 0.44916313 0.39445416
/Cube/raw/1182.PNG 0.19322328 0.46463944 0.34213727
/Cube/raw/1187.PNG 0.20296167 0.46846690 0.32857143
/Cube/raw/1188.PNG 0.18672439 0.46378066 0.34949495
/Cube/raw/1189.PNG 0.20565193 0.47299944 0.32134863
/Cube/raw/1194.PNG 0.20491803 0.46890899 0.32617298
/Cube/raw/1196.PNG 0.21851290 0.46889226 0.31259484
/Cube/raw/1213.PNG 0.22547365 0.48155250 0.29297384
/Cube/raw/1214.PNG 0.19680851 0.46331151 0.33987998
/Cube/raw/1218.PNG 0.20439691 0.46939988 0.32620321
/Cube/raw/1221.PNG 0.19879518 0.46471601 0.33648881
/Cube/raw/1223.PNG 0.19292293 0.46921958 0.33785749
/Cube/raw/1225.PNG 0.47708996 0.44398728 0.07892276
/Cube/raw/1227.PNG 0.20626944 0.47355827 0.32017229
/Cube/raw/1234.PNG 0.21418338 0.46991404 0.31590258
/Cube/raw/1238.PNG 0.23162004 0.46931251 0.29906745
/Cube/raw/1243.PNG 0.18335344 0.46170084 0.35494572
/Cube/raw/1245.PNG 0.37779217 0.49077371 0.13143412
/Cube/raw/1249.PNG 0.17439294 0.46136865 0.36423841
/Cube/raw/1250.PNG 0.29983306 0.50851419 0.19165275
/Cube/raw/1251.PNG 0.20166988 0.46885035 0.32947977
/Cube/raw/1257.PNG 0.20416626 0.46914799 0.32668575
/Cube/raw/1258.PNG 0.20348688 0.46987437 0.32663875
/Cube/raw/1268.PNG 0.18951165 0.46115427 0.34933407
/Cube/raw/1275.PNG 0.25275417 0.49449166 0.25275417
/Cube/raw/1277.PNG 0.20195385 0.47170288 0.32634327
/Cube/raw/1283.PNG 0.20272572 0.46905168 0.32822260
/Cube/raw/1285.PNG 0.20088814 0.48065130 0.31846056
/Cube/raw/1286.PNG 0.19025929 0.46391030 0.34583041
/Cube/raw/1290.PNG 0.38173653 0.46257485 0.15568862
/Cube/raw/1292.PNG 0.22445141 0.47272727 0.30282132
/Cube/raw/1295.PNG 0.48168183 0.43742316 0.08089501
/Cube/raw/1301.PNG 0.20718300 0.47129245 0.32152455
/Cube/raw/1305.PNG 0.20421754 0.48779134 0.30799112
/Cube/raw/1311.PNG 0.18418839 0.46593776 0.34987384
/Cube/raw/1316.PNG 0.21183432 0.47573964 0.31242604
/Cube/raw/1317.PNG 0.19751500 0.46443873 0.33804627
/Cube/raw/1318.PNG 0.21379310 0.47438424 0.31182266
/Cube/raw/1320.PNG 0.48353339 0.44075100 0.07571560
/Cube/raw/1324.PNG 0.21436004 0.47502601 0.31061394
/Cube/raw/1326.PNG 0.20656314 0.46996777 0.32346909
/Cube/raw/1331.PNG 0.20153381 0.46773837 0.33072782
/Cube/raw/1333.PNG 0.21045621 0.46053946 0.32900433
/Cube/raw/1339.PNG 0.19082479 0.46217667 0.34699854
/Cube/raw/1341.PNG 0.19330454 0.46004320 0.34665227
/Cube/raw/1342.PNG 0.20322900 0.46863051 0.32814049
/Cube/raw/1343.PNG 0.20674870 0.46998509 0.32326622
/Cube/raw/1345.PNG 0.38502151 0.46147829 0.15350020
/Cube/raw/1348.PNG 0.21404983 0.47433203 0.31161813
/Cube/raw/1349.PNG 0.20528860 0.46858118 0.32613022
/Cube/raw/1350.PNG 0.24892440 0.49423786 0.25683774
/Cube/raw/1351.PNG 0.20233139 0.46988621 0.32778240
/Cube/raw/1354.PNG 0.16986564 0.45585413 0.37428023
/Cube/raw/1357.PNG 0.19986937 0.46984542 0.33028522
/Cube/raw/1361.PNG 0.20267644 0.46889952 0.32842404
/Cube/raw/1368.PNG 0.20494560 0.46943620 0.32561820
/Cube/raw/1375.PNG 0.22908745 0.49524715 0.27566540
/Cube/raw/1376.PNG 0.20307918 0.46774194 0.32917889
/Cube/raw/1379.PNG 0.20778477 0.46994848 0.32226674
/Cube/raw/1380.PNG 0.35138765 0.48209490 0.16651746
/Cube/raw/1383.PNG 0.21404895 0.47386537 0.31208567
/Cube/raw/1390.PNG 0.25481314 0.49716874 0.24801812
/Cube/raw/1392.PNG 0.20273973 0.46931507 0.32794521
/Cube/raw/1394.PNG 0.20164609 0.46786958 0.33048433
/Cube/raw/1396.PNG 0.20405560 0.47169256 0.32425184
/Cube/raw/1400.PNG 0.26959248 0.50470219 0.22570533
/Cube/raw/1402.PNG 0.20344980 0.46815568 0.32839452
/Cube/raw/1403.PNG 0.20967185 0.47046632 0.31986183
/Cube/raw/1408.PNG 0.20654266 0.47107120 0.32238614
/Cube/raw/1410.PNG 0.27889908 0.49357798 0.22752294
/Cube/raw/1411.PNG 0.21421354 0.47153924 0.31424722
/Cube/raw/1412.PNG 0.20097488 0.46737908 0.33164604
/Cube/raw/1415.PNG 0.25565388 0.50245821 0.24188791
/Cube/raw/1418.PNG 0.20037658 0.47127065 0.32835277
/Cube/raw/1419.PNG 0.17291507 0.45600612 0.37107881
/Cube/raw/1420.PNG 0.38079569 0.46111277 0.15809153
/Cube/raw/1423.PNG 0.20081061 0.46904937 0.33014001
/Cube/raw/1425.PNG 0.28220985 0.49721707 0.22057308
/Cube/raw/1430.PNG 0.22266205 0.49084612 0.28649184
/Cube/raw/1436.PNG 0.19879437 0.46751507 0.33369056
/Cube/raw/1437.PNG 0.20030817 0.46718028 0.33251156
/Cube/raw/1438.PNG 0.21163895 0.47173397 0.31662708
/Cube/raw/1439.PNG 0.20540375 0.47006448 0.32453178
/Cube/raw/1450.PNG 0.38353414 0.46084337 0.15562249
/Cube/raw/1451.PNG 0.21039604 0.47249725 0.31710671
/Cube/raw/1453.PNG 0.20439739 0.46661238 0.32899023
/Cube/raw/1462.PNG 0.21763393 0.47879464 0.30357143
/Cube/raw/1467.PNG 0.20594333 0.46233587 0.33172080
/Cube/raw/1469.PNG 0.21861422 0.47290190 0.30848388
/Cube/raw/1471.PNG 0.20050761 0.46720031 0.33229207
/Cube/raw/1475.PNG 0.46866929 0.44080468 0.09052603
/Cube/raw/1477.PNG 0.20868455 0.47305236 0.31826309
/Cube/raw/1480.PNG 0.48450727 0.43926689 0.07622584
/Cube/raw/1482.PNG 0.19104478 0.46417910 0.34477612
/Cube/raw/1487.PNG 0.19667413 0.46818036 0.33514551
/Cube/raw/1497.PNG 0.20010883 0.46741940 0.33247177
/Cube/raw/1499.PNG 0.20419378 0.47057122 0.32523500
/Cube/raw/1502.PNG 0.20504058 0.47073900 0.32422042
/Cube/raw/1504.PNG 0.19512962 0.46724273 0.33762765
/Cube/raw/1506.PNG 0.18444909 0.45746165 0.35808926
/Cube/raw/1515.PNG 0.26369168 0.50101420 0.23529412
/Cube/raw/1517.PNG 0.20718053 0.47256408 0.32025539
/Cube/raw/1522.PNG 0.19063070 0.46603123 0.34333807
/Cube/raw/1524.PNG 0.18677281 0.46172688 0.35150031
/Cube/raw/1528.PNG 0.20454545 0.46689723 0.32855731
/Cube/raw/1538.PNG 0.20270270 0.46756757 0.32972973
/Cube/raw/1539.PNG 0.20230263 0.46875000 0.32894737
/Cube/raw/1541.PNG 0.18041804 0.45984598 0.35973597
/Cube/raw/1543.PNG 0.22616174 0.48106518 0.29277308
/Cube/raw/1545.PNG 0.27471820 0.50241546 0.22286634
/Cube/raw/1546.PNG 0.19329204 0.46289587 0.34381208
/Cube/raw/1547.PNG 0.20476515 0.46957114 0.32566372
/Cube/raw/1549.PNG 0.20854842 0.47222796 0.31922362
/Cube/raw/1550.PNG 0.38060856 0.46157813 0.15781331
/Cube/raw/1551.PNG 0.21433692 0.47096774 0.31469534
/Cube/raw/1553.PNG 0.21021346 0.47176439 0.31802216
/Cube/raw/1559.PNG 0.19615486 0.46894820 0.33489693
/Cube/raw/1560.PNG 0.20235726 0.48262666 0.31501607
/Cube/raw/1561.PNG 0.20335196 0.46927374 0.32737430
/Cube/raw/1563.PNG 0.20148945 0.46752172 0.33098883
/Cube/raw/1564.PNG 0.20747762 0.47147622 0.32104616
/Cube/raw/1567.PNG 0.20254737 0.46940043 0.32805219
/Cube/raw/1572.PNG 0.19809178 0.46969559 0.33221263
/Cube/raw/1573.PNG 0.20187139 0.46894286 0.32918575
/Cube/raw/1583.PNG 0.20131926 0.46701847 0.33166227
/Cube/raw/1588.PNG 0.16390506 0.45230631 0.38378863
/Cube/raw/1592.PNG 0.20639756 0.46991622 0.32368621
/Cube/raw/1598.PNG 0.20562862 0.47093763 0.32343374
/Cube/raw/1599.PNG 0.17076649 0.45775401 0.37147950
/Cube/raw/1602.PNG 0.19671008 0.46641535 0.33687457
/Cube/raw/1603.PNG 0.19672647 0.46584828 0.33742524
/Cube/raw/1606.PNG 0.20894892 0.46981849 0.32123259
/Cube/raw/1608.PNG 0.23026316 0.47532895 0.29440789
/Cube/raw/1609.PNG 0.21127293 0.47210138 0.31662569
/Cube/raw/1615.PNG 0.47076271 0.43121469 0.09802260
/Cube/raw/1617.PNG 0.19966417 0.46756220 0.33277362
/Cube/raw/1619.PNG 0.19815668 0.46589862 0.33594470
/Cube/raw/1627.PNG 0.20430108 0.46650124 0.32919768
/Cube/raw/1628.PNG 0.21952373 0.47547705 0.30499921
/Cube/raw/1630.PNG 0.38014981 0.48408240 0.13576779
/Cube/raw/1633.PNG 0.17748241 0.45738858 0.36512901
/Cube/raw/1635.PNG 0.38291605 0.46244477 0.15463918
/Cube/raw/1637.PNG 0.21676301 0.47430957 0.30892742
/Cube/raw/1641.PNG 0.21760454 0.47289623 0.30949923
/Cube/raw/1642.PNG 0.20119630 0.46601414 0.33278956
/Cube/raw/1643.PNG 0.20372928 0.47079716 0.32547356
/Cube/raw/1645.PNG 0.26330275 0.49862385 0.23807339
/Cube/raw/1658.PNG 0.16766813 0.45551190 0.37681997
/Cube/raw/1664.PNG 0.21821544 0.47480351 0.30698104
/Cube/raw/1669.PNG 0.20485883 0.46684176 0.32829941
/Cube/raw/1674.PNG 0.20170244 0.46946706 0.32883050
/Cube/raw/1675.PNG 0.25130500 0.49739001 0.25130500
/Cube/raw/1676.PNG 0.20538980 0.47045236 0.32415784
/Cube/raw/1677.PNG 0.16115922 0.45573423 0.38310656
/Cube/raw/1682.PNG 0.15756860 0.45116554 0.39126586
/Cube/raw/1683.PNG 0.21043590 0.46854198 0.32102212
/Cube/raw/1684.PNG 0.20341420 0.46918239 0.32740341
/Cube/raw/1687.PNG 0.20602663 0.47348750 0.32048587
/Cube/raw/1688.PNG 0.19404266 0.46984555 0.33611179
/Cube/raw/1693.PNG 0.20478558 0.47389683 0.32131759
/Cube/raw/1695.PNG 0.39186691 0.45656192 0.15157116
/Cube/raw/1700.PNG 0.24858757 0.49529190 0.25612053
/Cube/raw/1702.PNG 0.19957133 0.46677780 0.33365087