/Cube/raw/2.PNG 0.20272769 0.46948682 0.32778548
/Cube/raw/5.PNG 0.47753165 0.44208861 0.08037975
/Cube/raw/7.PNG 0.21394047 0.47189010 0.31416942
/Cube/raw/9.PNG 0.21114917 0.47212706 0.31672376
/Cube/raw/10.PNG 0.38584882 0.46118605 0.15296513
/Cube/raw/13.PNG 0.20224374 0.46995543 0.32780083
/Cube/raw/15.PNG 0.28492063 0.49920635 0.21587302
/Cube/raw/17.PNG 0.21012531 0.47328321 0.31659148
/Cube/raw/18.PNG 0.20874400 0.47215904 0.31909696
/Cube/raw/19.PNG 0.20108696 0.46984990 0.32906315
/Cube/raw/22.PNG 0.20224504 0.47337619 0.32437878
/Cube/raw/24.PNG 0.20179509 0.47111020 0.32709470
/Cube/raw/27.PNG 0.20499244 0.46747352 0.32753404
/Cube/raw/28.PNG 0.19937141 0.46857065 0.33205794
/Cube/raw/29.PNG 0.16754994 0.45841826 0.37403180
/Cube/raw/32.PNG 0.18263736 0.46329670 0.35406593
/Cube/raw/33.PNG 0.20963855 0.46506024 0.32530120
/Cube/raw/39.PNG 0.20654810 0.46988682 0.32356508
/Cube/raw/44.PNG 0.20357467 0.47106937 0.32535595
/Cube/raw/45.PNG 0.38177340 0.46453202 0.15369458
/Cube/raw/52.PNG 0.19591141 0.45400341 0.35008518
/Cube/raw/54.PNG 0.19956444 0.46584835 0.33458721
/Cube/raw/58.PNG 0.19905930 0.46951117 0.33142953
/Cube/raw/61.PNG 0.20170597 0.46797123 0.33032280
/Cube/raw/64.PNG 0.16362696 0.45220541 0.38416764
/Cube/raw/65.PNG 0.38133700 0.46210689 0.15655611
/Cube/raw/66.PNG 0.19896595 0.46817615 0.33285791
/Cube/raw/70.PNG 0.39262673 0.45806452 0.14930876
/Cube/raw/71.PNG 0.19904159 0.47022078 0.33073763
/Cube/raw/73.PNG 0.20875241 0.47164562 0.31960197
/Cube/raw/74.PNG 0.19637053 0.46505959 0.33856988
/Cube/raw/75.PNG 0.35380835 0.48321048 0.16298116
/Cube/raw/77.PNG 0.19707082 0.46811272 0.33481646
/Cube/raw/78.PNG 0.26798561 0.47661871 0.25539568
/Cube/raw/86.PNG 0.23960880 0.47677262 0.28361858
/Cube/raw/87.PNG 0.19843103 0.46982385 0.33174512
/Cube/raw/89.PNG 0.20664528 0.47294578 0.32040894
/Cube/raw/90.PNG 0.26839378 0.48601036 0.24559585
/Cube/raw/94.PNG 0.20669456 0.46945607 0.32384937
/Cube/raw/95.PNG 0.37938252 0.46153846 0.15907902
/Cube/raw/96.PNG 0.20075758 0.46797521 0.33126722
/Cube/raw/97.PNG 0.20387297 0.46568552 0.33044152
/Cube/raw/98.PNG 0.20778026 0.47102116 0.32119858
/Cube/raw/104.PNG 0.20512821 0.47020845 0.32466335
/Cube/raw/105.PNG 0.28373854 0.49657883 0.21968263
/Cube/raw/106.PNG 0.20216676 0.46817566 0.32965757
/Cube/raw/109.PNG 0.18361994 0.46196444 0.35441562
/Cube/raw/111.PNG 0.20366599 0.46741344 0.32892057
/Cube/raw/112.PNG 0.20626478 0.46985816 0.32387707
/Cube/raw/124.PNG 0.18797327 0.46102450 0.35100223
/Cube/raw/126.PNG 0.19010608 0.46686272 0.34303119
/Cube/raw/130.PNG 0.38576721 0.45970979 0.15452300
/Cube/raw/133.PNG 0.20795548 0.47217642 0.31986810
/Cube/raw/134.PNG 0.20579043 0.47096562 0.32324395
/Cube/raw/140.PNG 0.38045007 0.46413502 0.15541491
/Cube/raw/146.PNG 0.17151024 0.45593140 0.37255836
/Cube/raw/150.PNG 0.38297389 0.46197503 0.15505108
/Cube/raw/163.PNG 0.20485686 0.47087000 0.32427314
/Cube/raw/165.PNG 0.37272156 0.48334381 0.14393463
/Cube/raw/172.PNG 0.16699801 0.45460570 0.37839629
/Cube/raw/174.PNG 0.20180723 0.46927711 0.32891566
/Cube/raw/175.PNG 0.38074074 0.46148148 0.15777778
/Cube/raw/182.PNG 0.20559572 0.47060673 0.32379755
/Cube/raw/184.PNG 0.19140287 0.46998789 0.33860924
/Cube/raw/188.PNG 0.21075372 0.47311570 0.31613058
/Cube/raw/189.PNG 0.20378151 0.46638655 0.32983193
/Cube/raw/192.PNG 0.20233625 0.46933667 0.32832708
/Cube/raw/193.PNG 0.20723104 0.47001764 0.32275132
/Cube/raw/195.PNG 0.38805970 0.48032564 0.13161465
/Cube/raw/197.PNG 0.16350148 0.45074184 0.38575668
/Cube/raw/201.PNG 0.20598911 0.46733212 0.32667877
/Cube/raw/209.PNG 0.19576097 0.46438034 0.33985870
/Cube/raw/212.PNG 0.20614859 0.47087959 0.32297182
/Cube/raw/215.PNG 0.38112109 0.46260914 0.15626977
/Cube/raw/221.PNG 0.20490620 0.47041847 0.32467532
/Cube/raw/225.PNG 0.48008596 0.44011461 0.07979943
/Cube/raw/226.PNG 0.21302817 0.47036385 0.31660798
/Cube/raw/230.PNG 0.22500000 0.49880952 0.27619048
/Cube/raw/235.PNG 0.46828194 0.44889868 0.08281938
/Cube/raw/236.PNG 0.20333506 0.47008251 0.32658242
/Cube/raw/238.PNG 0.20847419 0.47058824 0.32093757
/Cube/raw/240.PNG 0.38317569 0.46166231 0.15516200
/Cube/raw/243.PNG 0.20126147 0.46731651 0.33142202
/Cube/raw/244.PNG 0.18780971 0.46283449 0.34935580
/Cube/raw/245.PNG 0.47097780 0.44721465 0.08180756
/Cube/raw/249.PNG 0.20951687 0.47293032 0.31755280
/Cube/raw/256.PNG 0.20320078 0.46880052 0.32799871
/Cube/raw/258.PNG 0.18756128 0.46351030 0.34892842
/Cube/raw/259.PNG 0.20585233 0.47277986 0.32136781
/Cube/raw/267.PNG 0.21318822 0.47285531 0.31395647
/Cube/raw/273.PNG 0.19671280 0.46557093 0.33771626
/Cube/raw/277.PNG 0.18210238 0.46307151 0.35482610
/Cube/raw/278.PNG 0.20381345 0.47023963 0.32594692
/Cube/raw/279.PNG 0.17016492 0.45802099 0.37181409
/Cube/raw/283.PNG 0.20878287 0.47243763 0.31877950
/Cube/raw/285.PNG 0.38694502 0.46162893 0.15142605
/Cube/raw/287.PNG 0.20718954 0.47058824 0.32222222
/Cube/raw/289.PNG 0.20600858 0.46932593 0.32466549
/Cube/raw/295.PNG 0.30116959 0.50438596 0.19444444
/Cube/raw/296.PNG 0.20529801 0.46915301 0.32554897
/Cube/raw/298.PNG 0.15956151 0.45066991 0.38976857
/Cube/raw/299.PNG 0.21693122 0.47442681 0.30864198
/Cube/raw/301.PNG 0.16944938 0.45470693 0.37584369
/Cube/raw/304.PNG 0.20431115 0.46672915 0.32895970
/Cube/raw/305.PNG 0.23645908 0.49654021 0.26700072
/Cube/raw/306.PNG 0.20212192 0.47014925 0.32772883
/Cube/raw/310.PNG 0.46968239 0.44690407 0.08341354
/Cube/raw/319.PNG 0.20999372 0.47513335 0.31487292
/Cube/raw/322.PNG 0.20978628 0.47075366 0.31946007
/Cube/raw/326.PNG 0.20032733 0.46775777 0.33191489
/Cube/raw/333.PNG 0.19789579 0.47110888 0.33099532
/Cube/raw/342.PNG 0.15377616 0.44828632 0.39793752
/Cube/raw/343.PNG 0.19774011 0.47215496 0.33010492
/Cube/raw/345.PNG 0.28083882 0.49712171 0.22203947
/Cube/raw/346.PNG 0.20530499 0.46997989 0.32471512
/Cube/raw/347.PNG 0.20487641 0.47260011 0.32252347
/Cube/raw/349.PNG 0.20614985 0.47055002 0.32330013
/Cube/raw/358.PNG 0.20158103 0.46739130 0.33102767
/Cube/raw/360.PNG 0.29678312 0.49740574 0.20581114
/Cube/raw/363.PNG 0.18829690 0.46038251 0.35132058
/Cube/raw/364.PNG 0.20016474 0.46952224 0.33031301
/Cube/raw/367.PNG 0.20235849 0.46957547 0.32806604
/Cube/raw/370.PNG 0.26560951 0.50247770 0.23191278
/Cube/raw/380.PNG 0.26542751 0.50037175 0.23420074
/Cube/raw/384.PNG 0.16840909 0.45886364 0.37272727
/Cube/raw/387.PNG 0.21542700 0.47382920 0.31074380
/Cube/raw/389.PNG 0.20447050 0.46866984 0.32685966
/Cube/raw/393.PNG 0.20275229 0.46605505 0.33119266
/Cube/raw/403.PNG 0.19214753 0.46638905 0.34146341
/Cube/raw/408.PNG 0.20431528 0.46851607 0.32716865
/Cube/raw/410.PNG 0.30483871 0.49838710 0.19677419
/Cube/raw/411.PNG 0.18484090 0.45942081 0.35573829
/Cube/raw/415.PNG 0.45954198 0.44732824 0.09312977
/Cube/raw/416.PNG 0.18120301 0.45789474 0.36090226
/Cube/raw/420.PNG 0.29738562 0.50373483 0.19887955
/Cube/raw/421.PNG 0.20410898 0.46940598 0.32648504
/Cube/raw/426.PNG 0.15585413 0.44952015 0.39462572
/Cube/raw/427.PNG 0.21984027 0.47540984 0.30474989
/Cube/raw/430.PNG 0.27621622 0.50000000 0.22378378
/Cube/raw/436.PNG 0.20060790 0.45896657 0.34042553
/Cube/raw/438.PNG 0.20541434 0.46993180 0.32465385
/Cube/raw/443.PNG 0.20124224 0.46832298 0.33043478
/Cube/raw/445.PNG 0.38448845 0.46039604 0.15511551
/Cube/raw/447.PNG 0.18139651 0.46603491 0.35256858
/Cube/raw/450.PNG 0.38517179 0.46021700 0.15461121
/Cube/raw/454.PNG 0.20263706 0.46703678 0.33032616
/Cube/raw/455.PNG 0.38400790 0.46298124 0.15301086
/Cube/raw/456.PNG 0.21168501 0.46994073 0.31837426
/Cube/raw/459.PNG 0.20239880 0.46551724 0.33208396
/Cube/raw/460.PNG 0.38223062 0.46200378 0.15576560
/Cube/raw/462.PNG 0.20197597 0.47382209 0.32420194
/Cube/raw/464.PNG 0.19685039 0.46241947 0.34073014
/Cube/raw/466.PNG 0.19842556 0.46804816 0.33352628
/Cube/raw/468.PNG 0.20961305 0.47197640 0.31841055
/Cube/raw/470.PNG 0.26228269 0.49811036 0.23960695
/Cube/raw/472.PNG 0.20068527 0.46916300 0.33015174
/Cube/raw/473.PNG 0.20171674 0.46738197 0.33090129
/Cube/raw/475.PNG 0.29818182 0.50400000 0.19781818
/Cube/raw/478.PNG 0.21282923 0.46771453 0.31945624
/Cube/raw/480.PNG 0.37918871 0.46243386 0.15837743
/Cube/raw/482.PNG 0.19745395 0.46289274 0.33965330
/Cube/raw/483.PNG 0.24286708 0.47355602 0.28357690
/Cube/raw/486.PNG 0.22646007 0.46920938 0.30433055
/Cube/raw/489.PNG 0.20126517 0.47069455 0.32804028
/Cube/raw/491.PNG 0.19454887 0.46616541 0.33928571
/Cube/raw/494.PNG 0.18586180 0.46306593 0.35107228
/Cube/raw/499.PNG 0.20372807 0.46907895 0.32719298
/Cube/raw/502.PNG 0.20728008 0.47067745 0.32204247
/Cube/raw/504.PNG 0.20980775 0.47088325 0.31930900
/Cube/raw/505.PNG 0.38655462 0.45773604 0.15570934
/Cube/raw/506.PNG 0.20558837 0.46955929 0.32485234
/Cube/raw/507.PNG 0.21174004 0.47085954 0.31740042
/Cube/raw/510.PNG 0.23949045 0.50573248 0.25477707
/Cube/raw/512.PNG 0.17023346 0.45817121 0.37159533
/Cube/raw/514.PNG 0.20227859 0.46969046 0.32803095
/Cube/raw/515.PNG 0.23887240 0.49777448 0.26335312
/Cube/raw/516.PNG 0.22940724 0.47036182 0.30023095
/Cube/raw/517.PNG 0.20558140 0.46976744 0.32465116
/Cube/raw/518.PNG 0.20121951 0.46951220 0.32926829
/Cube/raw/519.PNG 0.20178950 0.46974335 0.32846715
/Cube/raw/521.PNG 0.19537658 0.46756152 0.33706189
/Cube/raw/524.PNG 0.20632555 0.47011095 0.32356350
/Cube/raw/525.PNG 0.37283680 0.46856517 0.15859803
/Cube/raw/532.PNG 0.16529146 0.45302103 0.38168752
/Cube/raw/533.PNG 0.20576816 0.46866334 0.32556850
/Cube/raw/535.PNG 0.46384595 0.45454545 0.08160859
/Cube/raw/544.PNG 0.18962848 0.46439628 0.34597523
/Cube/raw/551.PNG 0.23324651 0.47667535 0.29007814
/Cube/raw/554.PNG 0.22212909 0.46269908 0.31517184
/Cube/raw/567.PNG 0.20087065 0.46781716 0.33131219
/Cube/raw/569.PNG 0.20322122 0.46849834 0.32828044
/Cube/raw/571.PNG 0.19718585 0.46667970 0.33613445
/Cube/raw/574.PNG 0.22852059 0.47280122 0.29867819
/Cube/raw/575.PNG 0.38450075 0.45901639 0.15648286
/Cube/raw/576.PNG 0.20034247 0.46893346 0.33072407
/Cube/raw/583.PNG 0.20409859 0.46856826 0.32733315
/Cube/raw/592.PNG 0.20979316 0.47150696 0.31869987
/Cube/raw/601.PNG 0.20921771 0.46937538 0.32140691
/Cube/raw/602.PNG 0.20949902 0.47245717 0.31804381
/Cube/raw/603.PNG 0.21972712 0.47527004 0.30500284
/Cube/raw/606.PNG 0.16860227 0.45771280 0.37368493
/Cube/raw/608.PNG 0.23010547 0.46979866 0.30009588
/Cube/raw/609.PNG 0.19987063 0.46507115 0.33505821
/Cube/raw/616.PNG 0.16947040 0.45794393 0.37258567
/Cube/raw/617.PNG 0.20332481 0.46845695 0.32821824
/Cube/raw/622.PNG 0.19899444 0.46881891 0.33218665
/Cube/raw/625.PNG 0.37630943 0.48831587 0.13537470
/Cube/raw/627.PNG 0.16731518 0.45358533 0.37909950
/Cube/raw/631.PNG 0.18183892 0.46383755 0.35432352
/Cube/raw/632.PNG 0.20366599 0.46843177 0.32790224
/Cube/raw/636.PNG 0.19760479 0.46781437 0.33458084
/Cube/raw/638.PNG 0.16816278 0.45481747 0.37701975
/Cube/raw/640.PNG 0.37888199 0.46228926 0.15882875
/Cube/raw/643.PNG 0.17980022 0.45726970 0.36293008
/Cube/raw/646.PNG 0.20120724 0.46914822 0.32964453
/Cube/raw/648.PNG 0.23274854 0.47017544 0.29707602
/Cube/raw/649.PNG 0.21181773 0.47270906 0.31547321
/Cube/raw/656.PNG 0.20508501 0.47158830 0.32332670
/Cube/raw/659.PNG 0.21362799 0.47476980 0.31160221
/Cube/raw/662.PNG 0.20423689 0.47179307 0.32397004
/Cube/raw/671.PNG 0.20896314 0.47308406 0.31795280
/Cube/raw/673.PNG 0.20244390 0.47197744 0.32557866
/Cube/raw/676.PNG 0.20541327 0.47269988 0.32188685
/Cube/raw/679.PNG 0.20159752 0.47043395 0.32796853
/Cube/raw/689.PNG 0.18244514 0.46144201 0.35611285
/Cube/raw/696.PNG 0.20741679 0.47057469 0.32200852
/Cube/raw/697.PNG 0.20935673 0.47368421 0.31695906
/Cube/raw/701.PNG 0.23564696 0.47557841 0.28877464
/Cube/raw/704.PNG 0.19193234 0.46291477 0.34515290
/Cube/raw/709.PNG 0.20637565 0.47150950 0.32211485
/Cube/raw/711.PNG 0.20682068 0.47011368 0.32306564
/Cube/raw/712.PNG 0.19955207 0.46898096 0.33146697
/Cube/raw/714.PNG 0.20272769 0.46925566 0.32801664
/Cube/raw/716.PNG 0.20101849 0.46716698 0.33181453
/Cube/raw/718.PNG 0.19071354 0.46169990 0.34758657
/Cube/raw/720.PNG 0.28306809 0.49256457 0.22436734
/Cube/raw/722.PNG 0.20423634 0.46956522 0.32619844
/Cube/raw/726.PNG 0.20420792 0.47339109 0.32240099
/Cube/raw/728.PNG 0.20546118 0.47220493 0.32233390
/Cube/raw/730.PNG 0.38042475 0.48476454 0.13481071
/Cube/raw/735.PNG 0.45895118 0.44701627 0.09403255
/Cube/raw/740.PNG 0.28257888 0.49931413 0.21810700
/Cube/raw/741.PNG 0.20471236 0.47276622 0.32252142
/Cube/raw/744.PNG 0.18125644 0.45314109 0.36560247
/Cube/raw/749.PNG 0.16631579 0.45263158 0.38105263
/Cube/raw/752.PNG 0.19489559 0.46403712 0.34106729
/Cube/raw/754.PNG 0.21705138 0.47431124 0.30863738
/Cube/raw/755.PNG 0.38248049 0.46053773 0.15698179
/Cube/raw/756.PNG 0.21784777 0.47112861 0.31102362
/Cube/raw/758.PNG 0.19619666 0.46846011 0.33534323
/Cube/raw/759.PNG 0.23108384 0.47034765 0.29856851
/Cube/raw/766.PNG 0.20555801 0.47176886 0.32267314
/Cube/raw/768.PNG 0.21448806 0.47308782 0.31242412
/Cube/raw/771.PNG 0.20081967 0.46557377 0.33360656
/Cube/raw/773.PNG 0.19982079 0.46729391 0.33288530
/Cube/raw/774.PNG 0.20569211 0.46959897 0.32470893
/Cube/raw/777.PNG 0.20785877 0.46905847 0.32308276
/Cube/raw/780.PNG 0.38017129 0.46233125 0.15749746
/Cube/raw/781.PNG 0.22208398 0.47527216 0.30264386
/Cube/raw/787.PNG 0.17019667 0.45915280 0.37065053
/Cube/raw/788.PNG 0.20026064 0.46698523 0.33275413
/Cube/raw/790.PNG 0.24560805 0.49548013 0.25891182
/Cube/raw/792.PNG 0.20384660 0.46988368 0.32626972
/Cube/raw/801.PNG 0.19377510 0.46546185 0.34076305
/Cube/raw/802.PNG 0.20101523 0.46862944 0.33035533
/Cube/raw/803.PNG 0.20986193 0.47192636 0.31821170
/Cube/raw/805.PNG 0.28135593 0.49406780 0.22457627
/Cube/raw/808.PNG 0.19583884 0.46565390 0.33850727
/Cube/raw/809.PNG 0.20421245 0.46703297 0.32875458
/Cube/raw/810.PNG 0.38250537 0.46201492 0.15547971
/Cube/raw/815.PNG 0.47041420 0.44600592 0.08357988
/Cube/raw/822.PNG 0.21030376 0.47325393 0.31644231
/Cube/raw/823.PNG 0.17295918 0.45918367 0.36785714
/Cube/raw/830.PNG 0.28622816 0.49357657 0.22019527
/Cube/raw/831.PNG 0.15129396 0.44746737 0.40123866
/Cube/raw/832.PNG 0.20807453 0.46816770 0.32375776
/Cube/raw/835.PNG 0.27977912 0.49907967 0.22114120
/Cube/raw/840.PNG 0.46260636 0.45588894 0.08150470
/Cube/raw/842.PNG 0.20918114 0.47146402 0.31935484
/Cube/raw/843.PNG 0.21507572 0.47473201 0.31019227
/Cube/raw/850.PNG 0.38233164 0.46053584 0.15713251
/Cube/raw/854.PNG 0.20661157 0.46952479 0.32386364
/Cube/raw/856.PNG 0.20290924 0.47064404 0.32644672
/Cube/raw/858.PNG 0.21837456 0.47420495 0.30742049
/Cube/raw/865.PNG 0.27439024 0.49728997 0.22831978
/Cube/raw/866.PNG 0.20154525 0.46997792 0.32847682
/Cube/raw/881.PNG 0.20817121 0.47137298 0.32045581
/Cube/raw/884.PNG 0.20252535 0.47136608 0.32610857
/Cube/raw/886.PNG 0.19681275 0.46374502 0.33944223
/Cube/raw/890.PNG 0.38735709 0.45931406 0.15332885
/Cube/raw/897.PNG 0.20172009 0.46442533 0.33385457
/Cube/raw/902.PNG 0.20752566 0.46921323 0.32326112
/Cube/raw/904.PNG 0.22248848 0.47714286 0.30036866
/Cube/raw/906.PNG 0.21515562 0.46684709 0.31799729
/Cube/raw/908.PNG 0.21249360 0.47158218 0.31592422
/Cube/raw/913.PNG 0.20269403 0.46760744 0.32969852
/Cube/raw/914.PNG 0.21683068 0.47472005 0.30844927
/Cube/raw/916.PNG 0.21779019 0.46709214 0.31511767
/Cube/raw/925.PNG 0.37897222 0.46322862 0.15779916
/Cube/raw/927.PNG 0.21472307 0.47439466 0.31088227
/Cube/raw/928.PNG 0.17959927 0.46120219 0.35919854
/Cube/raw/929.PNG 0.20224719 0.46808989 0.32966292
/Cube/raw/930.PNG 0.20481928 0.47791165 0.31726908
/Cube/raw/935.PNG 0.20404722 0.48454188 0.31141091
/Cube/raw/936.PNG 0.19580518 0.46523086 0.33896396
/Cube/raw/937.PNG 0.20334163 0.46676146 0.32989691
/Cube/raw/938.PNG 0.20801034 0.46973053 0.32225914
/Cube/raw/943.PNG 0.21324892 0.47127857 0.31547251
/Cube/raw/945.PNG 0.25598086 0.50239234 0.24162679
/Cube/raw/947.PNG 0.22851563 0.47005208 0.30143229
/Cube/raw/950.PNG 0.20238095 0.48015873 0.31746032
/Cube/raw/952.PNG 0.20450136 0.46953822 0.32596042
/Cube/raw/958.PNG 0.16734694 0.45306122 0.37959184
/Cube/raw/965.PNG 0.37798323 0.48484197 0.13717480
/Cube/raw/967.PNG 0.19572292 0.46768945 0.33658763
/Cube/raw/989.PNG 0.20163308 0.46937969 0.32898723
/Cube/raw/994.PNG 0.23190443 0.47575545 0.29234013
/Cube/raw/1001.PNG 0.23895582 0.47590361 0.28514056
/Cube/raw/1006.PNG 0.20805703 0.47115385 0.32078912
/Cube/raw/1010.PNG 0.46690703 0.44398661 0.08910636
/Cube/raw/1012.PNG 0.17460317 0.46031746 0.36507937
/Cube/raw/1015.PNG 0.26642214 0.49716572 0.23641214
/Cube/raw/1023.PNG 0.20402178 0.46920821 0.32677000
/Cube/raw/1025.PNG 0.38882283 0.46016647 0.15101070
/Cube/raw/1027.PNG 0.19373657 0.46822229 0.33804114
/Cube/raw/1028.PNG 0.22096056 0.46371030 0.31532914
/Cube/raw/1034.PNG 0.21636265 0.47552826 0.30810908
/Cube/raw/1035.PNG 0.29863481 0.50511945 0.19624573
/Cube/raw/1036.PNG 0.20288066 0.46913580 0.32798354
/Cube/raw/1038.PNG 0.19994689 0.46508232 0.33497079
/Cube/raw/1039.PNG 0.20179629 0.46818269 0.33002102
/Cube/raw/1040.PNG 0.47363281 0.44856771 0.07779948
/Cube/raw/1042.PNG 0.16236972 0.44980801 0.38782227
/Cube/raw/1047.PNG 0.16891892 0.45270270 0.37837838
/Cube/raw/1050.PNG 0.27540564 0.49679761 0.22779675
/Cube/raw/1051.PNG 0.24278116 0.47378419 0.28343465
/Cube/raw/1052.PNG 0.20124031 0.46806202 0.33069767
/Cube/raw/1059.PNG 0.17504836 0.45502901 0.36992263
/Cube/raw/1064.PNG 0.20310559 0.46894410 0.32795031
/Cube/raw/1067.PNG 0.20884078 0.47636947 0.31478976
/Cube/raw/1070.PNG 0.24863601 0.50350740 0.24785659
/Cube/raw/1072.PNG 0.17841484 0.46273187 0.35885329
/Cube/raw/1080.PNG 0.37603149 0.46362444 0.16034407
/Cube/raw/1081.PNG 0.19793621 0.46904315 0.33302064
/Cube/raw/1083.PNG 0.19977395 0.46736366 0.33286239
/Cube/raw/1085.PNG 0.39484536 0.47628866 0.12886598
/Cube/raw/1087.PNG 0.16033511 0.45659396 0.38307092
/Cube/raw/1088.PNG 0.20121240 0.46794125 0.33084635
/Cube/raw/1089.PNG 0.20268888 0.46690048 0.33041064
/Cube/raw/1091.PNG 0.19849081 0.46620735 0.33530184
/Cube/raw/1094.PNG 0.18847795 0.45945946 0.35206259
/Cube/raw/1095.PNG 0.29483358 0.49627422 0.20889220
/Cube/raw/1097.PNG 0.19158378 0.46748279 0.34093344
/Cube/raw/1101.PNG 0.16734143 0.45479082 0.37786775
/Cube/raw/1105.PNG 0.27856226 0.49807445 0.22336329
/Cube/raw/1108.PNG 0.17278732 0.46036988 0.36684280
/Cube/raw/1111.PNG 0.20235962 0.47147551 0.32616487
/Cube/raw/1114.PNG 0.20056062 0.47091801 0.32852137
/Cube/raw/1115.PNG 0.35029547 0.48456993 0.16513460
/Cube/raw/1116.PNG 0.20146520 0.46764347 0.33089133
/Cube/raw/1120.PNG 0.46964587 0.44856661 0.08178752
/Cube/raw/1121.PNG 0.21212121 0.46262626 0.32525253
/Cube/raw/1123.PNG 0.20107335 0.46690519 0.33202147
/Cube/raw/1125.PNG 0.28092399 0.49776453 0.22131148
/Cube/raw/1127.PNG 0.20163488 0.46684832 0.33151680
/Cube/raw/1128.PNG 0.20280702 0.46596491 0.33122807
/Cube/raw/1130.PNG 0.47265956 0.44862028 0.07872016
/Cube/raw/1133.PNG 0.20549242 0.46875000 0.32575758
/Cube/raw/1134.PNG 0.20790760 0.46779209 0.32430031
/Cube/raw/1135.PNG 0.38251792 0.46135868 0.15612340
/Cube/raw/1144.PNG 0.20762905 0.47053449 0.32183646
/Cube/raw/1145.PNG 0.46442361 0.43960287 0.09597352
/Cube/raw/1148.PNG 0.17103984 0.45772595 0.37123421
/Cube/raw/1149.PNG 0.20386462 0.47198719 0.32414818
/Cube/raw/1153.PNG 0.21208791 0.46703297 0.32087912
/Cube/raw/1155.PNG 0.38375350 0.46078431 0.15546218
/Cube/raw/1160.PNG 0.25667828 0.49651568 0.24680604
/Cube/raw/1162.PNG 0.21476385 0.47508367 0.31015247
/Cube/raw/1163.PNG 0.20205687 0.46581972 0.33212341
/Cube/raw/1164.PNG 0.16236817 0.45379555 0.38383627
/Cube/raw/1165.PNG 0.37895511 0.46210449 0.15894040
/Cube/raw/1170.PNG 0.27745424 0.49376040 0.22878536
/Cube/raw/1171.PNG 0.20498084 0.46775223 0.32726692
/Cube/raw/1173.PNG 0.20534351 0.46908397 0.32557252
/Cube/raw/1177.PNG 0.21708892 0.47441629 0.30849478
/Cube/raw/1180.PNG 0.38167135 0.46207865 0.15625000
/Cube/raw/1183.PNG 0.19954476 0.46661608 0.33383915
/Cube/raw/1193.PNG 0.18841151 0.46836815 0.34322034
/Cube/raw/1197.PNG 0.20924658 0.46917808 0.32157534
/Cube/raw/1198.PNG 0.20260456 0.47019785 0.32719760
/Cube/raw/1200.PNG 0.28875639 0.49744463 0.21379898
/Cube/raw/1201.PNG 0.21324621 0.47282447 0.31392931
/Cube/raw/1202.PNG 0.20924499 0.46533128 0.32542373
/Cube/raw/1203.PNG 0.20094192 0.47191318 0.32714490
/Cube/raw/1204.PNG 0.21617574 0.47079381 0.31303045
/Cube/raw/1205.PNG 0.47306706 0.45071455 0.07621840
/Cube/raw/1207.PNG 0.20458831 0.46825896 0.32715273
/Cube/raw/1208.PNG 0.20412569 0.46917726 0.32669705
/Cube/raw/1210.PNG 0.38403282 0.46134427 0.15462291
/Cube/raw/1211.PNG 0.20009231 0.46872836 0.33117932
/Cube/raw/1215.PNG 0.20475239 0.48345547 0.31179214
/Cube/raw/1217.PNG 0.20090090 0.46486486 0.33423423
/Cube/raw/1219.PNG 0.21080900 0.47163478 0.31755623
/Cube/raw/1220.PNG 0.37081621 0.48825602 0.14092777
/Cube/raw/1222.PNG 0.20295453 0.47366498 0.32338049
/Cube/raw/1226.PNG 0.22738386 0.46943765 0.30317848
/Cube/raw/1228.PNG 0.21316033 0.46987952 0.31696015
/Cube/raw/1229.PNG 0.20608170 0.47096538 0.32295292
/Cube/raw/1230.PNG 0.38307916 0.46259985 0.15432099
/Cube/raw/1231.PNG 0.18898187 0.46304045 0.34797768
/Cube/raw/1232.PNG 0.20284308 0.47074904 0.32640787
/Cube/raw/1235.PNG 0.25619835 0.49704841 0.24675325
/Cube/raw/1236.PNG 0.19936618 0.46153846 0.33909536
/Cube/raw/1237.PNG 0.20405210 0.47001126 0.32593665
/Cube/raw/1242.PNG 0.20598847 0.47498605 0.31902548
/Cube/raw/1246.PNG 0.20656455 0.46739606 0.32603939
/Cube/raw/1253.PNG 0.17182021 0.45744342 0.37073637
/Cube/raw/1254.PNG 0.15947925 0.45628786 0.38423289
/Cube/raw/1255.PNG 0.38315357 0.46122239 0.15562404
/Cube/raw/1256.PNG 0.20317933 0.46878622 0.32803444
/Cube/raw/1259.PNG 0.20207469 0.47053942 0.32738589
/Cube/raw/1261.PNG 0.20089383 0.47002398 0.32908219
/Cube/raw/1262.PNG 0.20797546 0.47116564 0.32085890
/Cube/raw/1265.PNG 0.38392107 0.46127204 0.15480688
/Cube/raw/1267.PNG 0.22837495 0.47231270 0.29931234
/Cube/raw/1271.PNG 0.21170499 0.47118543 0.31710958
/Cube/raw/1273.PNG 0.20059583 0.46816727 0.33123690
/Cube/raw/1276.PNG 0.19948747 0.46799544 0.33251708
/Cube/raw/1279.PNG 0.16325785 0.45726808 0.37947407
/Cube/raw/1280.PNG 0.38748037 0.45927754 0.15324209
/Cube/raw/1281.PNG 0.17117117 0.45045045 0.37837838
/Cube/raw/1282.PNG 0.20609027 0.46982055 0.32408918
/Cube/raw/1289.PNG 0.20678108 0.47082461 0.32239431
/Cube/raw/1291.PNG 0.19861910 0.46812428 0.33325662
/Cube/raw/1299.PNG 0.21363360 0.47169811 0.31466829
/Cube/raw/1300.PNG 0.38326848 0.46147860 0.15525292
/Cube/raw/1302.PNG 0.20319303 0.46770682 0.32910015
/Cube/raw/1303.PNG 0.20014618 0.46826654 0.33158728
/Cube/raw/1310.PNG 0.28942035 0.49432509 0.21625456
/Cube/raw/1315.PNG 0.38847986 0.45993937 0.15158077
/Cube/raw/1322.PNG 0.20566081 0.47226661 0.32207259
/Cube/raw/1323.PNG 0.20539799 0.46843550 0.32616651
/Cube/raw/1325.PNG 0.47952218 0.43100926 0.08946855
/Cube/raw/1327.PNG 0.20101981 0.47107276 0.32790743
/Cube/raw/1328.PNG 0.20810752 0.47040971 0.32148277
/Cube/raw/1330.PNG 0.37577256 0.46106304 0.16316440
/Cube/raw/1332.PNG 0.20421635 0.46954855 0.32623509
/Cube/raw/1334.PNG 0.20378663 0.46979339 0.32641999
/Cube/raw/1340.PNG 0.30073801 0.49446494 0.20479705
/Cube/raw/1344.PNG 0.20196353 0.46676017 0.33127630
/Cube/raw/1352.PNG 0.18812341 0.46532127 0.34655532
/Cube/raw/1353.PNG 0.18561903 0.46044332 0.35393765
/Cube/raw/1358.PNG 0.15408202 0.45228057 0.39363741
/Cube/raw/1359.PNG 0.20164512 0.46768508 0.33066980
/Cube/raw/1360.PNG 0.47969100 0.43832544 0.08198355
/Cube/raw/1363.PNG 0.20008883 0.46702199 0.33288918
/Cube/raw/1364.PNG 0.20137687 0.46978316 0.32883997
/Cube/raw/1367.PNG 0.20200463 0.46915960 0.32883577
/Cube/raw/1370.PNG 0.38386856 0.47983570 0.13629574
/Cube/raw/1371.PNG 0.20561080 0.46946023 0.32492898
/Cube/raw/1372.PNG 0.19591409 0.46673651 0.33734940
/Cube/raw/1373.PNG 0.18923199 0.46634996 0.34441805
/Cube/raw/1374.PNG 0.20093565 0.46976267 0.32930169
/Cube/raw/1381.PNG 0.21125000 0.47031250 0.31843750
/Cube/raw/1384.PNG 0.20129765 0.46974858 0.32895377
/Cube/raw/1387.PNG 0.20261438 0.46666667 0.33071895
/Cube/raw/1391.PNG 0.21272514 0.47468827 0.31258659
/Cube/raw/1395.PNG 0.38202020 0.46242424 0.15555556
/Cube/raw/1398.PNG 0.20168806 0.47089854 0.32741340
/Cube/raw/1399.PNG 0.20075210 0.46890367 0.33034423
/Cube/raw/1401.PNG 0.17100000 0.45200000 0.37700000
/Cube/raw/1405.PNG 0.22222222 0.49016603 0.28761175
/Cube/raw/1406.PNG 0.18348491 0.46427025 0.35224484
/Cube/raw/1407.PNG 0.19642168 0.46994465 0.33363367
/Cube/raw/1413.PNG 0.19973064 0.46612795 0.33414141
/Cube/raw/1414.PNG 0.20762712 0.47033898 0.32203390
/Cube/raw/1417.PNG 0.16012658 0.45316456 0.38670886
/Cube/raw/1424.PNG 0.19994477 0.47068029 0.32937494
/Cube/raw/1427.PNG 0.20519836 0.46785226 0.32694938
/Cube/raw/1432.PNG 0.20604651 0.47255814 0.32139535
/Cube/raw/1445.PNG 0.22432000 0.49664000 0.27904000
/Cube/raw/1446.PNG 0.20487805 0.46960600 0.32551595
/Cube/raw/1447.PNG 0.15780924 0.45254119 0.38964957
/Cube/raw/1449.PNG 0.19559263 0.46613546 0.33827191
/Cube/raw/1455.PNG 0.22751323 0.49735450 0.27513228
/Cube/raw/1458.PNG 0.21275121 0.47124047 0.31600832
/Cube/raw/1460.PNG 0.38254081 0.48119233 0.13626686
/Cube/raw/1463.PNG 0.19025224 0.46746473 0.34228303
/Cube/raw/1468.PNG 0.20179629 0.46799159 0.33021212
/Cube/raw/1474.PNG 0.20417928 0.47075481 0.32506591
/Cube/raw/1478.PNG 0.17999065 0.46002805 0.35998130
/Cube/raw/1479.PNG 0.20132499 0.46853147 0.33014354
/Cube/raw/1483.PNG 0.22549399 0.47578458 0.29872143
/Cube/raw/1486.PNG 0.20695505 0.46946565 0.32357930
/Cube/raw/1492.PNG 0.20702619 0.47018408 0.32278973
/Cube/raw/1495.PNG 0.37608069 0.46253602 0.16138329
/Cube/raw/1498.PNG 0.20661428 0.47282253 0.32056320
/Cube/raw/1500.PNG 0.37969201 0.46150144 0.15880654
/Cube/raw/1501.PNG 0.20003609 0.46756293 0.33240097
/Cube/raw/1503.PNG 0.18757764 0.45838509 0.35403727
/Cube/raw/1505.PNG 0.38310005 0.46034215 0.15655780
/Cube/raw/1508.PNG 0.20174660 0.46965660 0.32859680
/Cube/raw/1511.PNG 0.20527404 0.46690796 0.32781799
/Cube/raw/1512.PNG 0.19923918 0.46885402 0.33190680
/Cube/raw/1516.PNG 0.20292044 0.47045989 0.32661967
/Cube/raw/1521.PNG 0.18244170 0.46273434 0.35482396
/Cube/raw/1523.PNG 0.20687802 0.46910263 0.32401934
/Cube/raw/1525.PNG 0.35209924 0.47662214 0.17127863
/Cube/raw/1527.PNG 0.19857089 0.46746897 0.33396014
/Cube/raw/1529.PNG 0.20338836 0.46950478 0.32710686
/Cube/raw/1533.PNG 0.20156633 0.46906890 0.32936477
/Cube/raw/1534.PNG 0.20263041 0.47024075 0.32712885
/Cube/raw/1536.PNG 0.20258293 0.46999240 0.32742466
/Cube/raw/1544.PNG 0.20667653 0.47309044 0.32023303
/Cube/raw/1548.PNG 0.21749963 0.47574381 0.30675656
/Cube/raw/1554.PNG 0.20519316 0.46991767 0.32488917
/Cube/raw/1557.PNG 0.16588785 0.45747664 0.37663551
/Cube/raw/1562.PNG 0.20123987 0.46876490 0.32999523
/Cube/raw/1565.PNG 0.38206840 0.46212018 0.15581142
/Cube/raw/1566.PNG 0.21012644 0.47315303 0.31672053
/Cube/raw/1569.PNG 0.20307785 0.46891973 0.32800241
/Cube/raw/1570.PNG 0.38552674 0.46013449 0.15433878
/Cube/raw/1571.PNG 0.17460317 0.45634921 0.36904762
/Cube/raw/1576.PNG 0.20298507 0.46925373 0.32776119
/Cube/raw/1579.PNG 0.21827754 0.47705184 0.30467063
/Cube/raw/1581.PNG 0.20335762 0.46990814 0.32673424
/Cube/raw/1585.PNG 0.20559930 0.48206474 0.31233596
/Cube/raw/1587.PNG 0.20086549 0.46664263 0.33249189
/Cube/raw/1590.PNG 0.24964183 0.49474690 0.25561127
/Cube/raw/1593.PNG 0.20428157 0.46915820 0.32656023
/Cube/raw/1594.PNG 0.21165501 0.47179487 0.31655012
/Cube/raw/1600.PNG 0.28000000 0.49848276 0.22151724
/Cube/raw/1604.PNG 0.20047520 0.46762697 0.33189783
/Cube/raw/1605.PNG 0.38367096 0.46101903 0.15531001
/Cube/raw/1607.PNG 0.20444856 0.47006487 0.32548656
/Cube/raw/1616.PNG 0.21552222 0.47403347 0.31044432
/Cube/raw/1618.PNG 0.20025565 0.46676608 0.33297827
/Cube/raw/1621.PNG 0.21064815 0.46990741 0.31944444
/Cube/raw/1622.PNG 0.22023086 0.47448360 0.30528554
/Cube/raw/1623.PNG 0.20000000 0.46493506 0.33506494
/Cube/raw/1624.PNG 0.19452208 0.46674120 0.33873672
/Cube/raw/1625.PNG 0.46634571 0.45347653 0.08017776
/Cube/raw/1629.PNG 0.20849084 0.46961326 0.32189590
/Cube/raw/1631.PNG 0.23751601 0.48143406 0.28104994
/Cube/raw/1634.PNG 0.20614784 0.47084655 0.32300561
/Cube/raw/1638.PNG 0.18817711 0.46899042 0.34283247
/Cube/raw/1644.PNG 0.18335046 0.46372045 0.35292909
/Cube/raw/1648.PNG 0.20349361 0.47091662 0.32558977
/Cube/raw/1649.PNG 0.20195815 0.47033980 0.32770205
/Cube/raw/1650.PNG 0.28692646 0.49842866 0.21464488
/Cube/raw/1652.PNG 0.19158744 0.46758859 0.34082397
/Cube/raw/1656.PNG 0.20261657 0.46829923 0.32908420
/Cube/raw/1660.PNG 0.38419219 0.46121401 0.15459380
/Cube/raw/1662.PNG 0.20482610 0.46992183 0.32525207
/Cube/raw/1663.PNG 0.19948465 0.46854198 0.33197337
/Cube/raw/1668.PNG 0.20052234 0.47030373 0.32917392
/Cube/raw/1670.PNG 0.26688633 0.51070840 0.22240527
/Cube/raw/1672.PNG 0.16516691 0.45312046 0.38171263
/Cube/raw/1678.PNG 0.20100903 0.46879979 0.33019118
/Cube/raw/1679.PNG 0.19987707 0.47055931 0.32956361
/Cube/raw/1685.PNG 0.29566004 0.49969861 0.20464135
/Cube/raw/1686.PNG 0.20256524 0.47449506 0.32293970
/Cube/raw/1689.PNG 0.18568233 0.46487696 0.34944072
/Cube/raw/1691.PNG 0.17366761 0.46006973 0.36626266
/Cube/raw/1698.PNG 0.20205479 0.46917808 0.32876712
/Cube/raw/1699.PNG 0.20443483 0.47038940 0.32517577
/Cube/raw/1701.PNG 0.20391705 0.46918203 0.32690092
/Cube/raw/1706.PNG 0.20371661 0.47084785 0.32543554
/Cube/raw/1703.PNG 0.44994003 0.797617   0.40169778
